PLAYERNUMBER,KEEPING,TACKLING,PASSING,SHOOTING,PACE,HEADING,STAMINA,SETPIECES,BALLCONTROL
 2019, 16, 67, 44, 27, 82, 56, 75, 55, 45
 2297, 15, 41, 71, 46, 78, 44, 72, 54, 69
 2149, 17, 68, 47, 32, 69, 58, 64, 56, 51
 2995, 15, 33, 68, 84, 88, 60, 82, 83, 76
  209, 14, 59, 70, 43, 79, 57, 81, 67, 66
 2913, 12, 43, 69, 43, 79, 43, 77, 58, 64
   99, 16, 85, 57, 37, 79, 77, 79, 66, 58
 2738, 16, 42, 78, 68, 92, 54, 87, 60, 78
  600, 17, 33, 61, 74, 85, 55, 86, 63, 67
  582, 16, 51, 76, 57, 86, 59, 82, 68, 79
 3051, 16, 53, 79, 52, 82, 53, 75, 63, 75
 3058, 16, 27, 64, 74, 79, 53, 82, 57, 65
 2960, 13, 49, 73, 49, 77, 53, 76, 66, 70
  665, 17, 83, 59, 35, 76, 73, 79, 63, 62
  568, 15, 87, 57, 34, 80, 80, 84, 65, 59
 2635, 15, 46, 67, 45, 76, 45, 75, 55, 63
 2902, 13, 27, 47, 73, 85, 56, 76, 59, 63
 2617, 69, 28, 27, 15, 68, 31, 73, 37, 29
 2762, 83, 29, 30, 17, 79, 31, 79, 43, 33
 3074, 14, 33, 51, 85, 84, 63, 76, 67, 67
 2504, 17, 46, 80, 67, 83, 57, 89, 67, 80
  765, 17, 77, 56, 31, 80, 71, 76, 60, 55
 2740, 14, 58, 67, 42, 83, 52, 89, 63, 73
   81, 17, 34, 66, 77, 98, 58, 88, 67, 71
  645, 12, 29, 45, 62, 80, 55, 80, 61, 54
 2578, 16, 73, 46, 30, 82, 68, 87, 49, 52
 2299, 17, 67, 75, 46, 78, 60, 77, 66, 77
  372, 15, 74, 52, 31, 85, 66, 78, 55, 54
 2901, 16, 46, 68, 48, 80, 53, 74, 62, 67
 2245, 13, 71, 43, 31, 84, 66, 79, 44, 48
  785, 17, 52, 77, 56, 82, 58, 75, 67, 84
  817, 16, 82, 56, 35, 77, 77, 80, 55, 56
 2889, 14, 68, 44, 28, 77, 59, 66, 54, 50
 2420, 14, 27, 55, 64, 86, 49, 72, 51, 59
    6, 17, 78, 56, 36, 85, 71, 83, 59, 56
  159, 13, 54, 64, 41, 87, 54, 85, 59, 65
 2766, 15, 67, 46, 29, 71, 60, 70, 51, 50
  438, 16, 54, 79, 53, 86, 56, 83, 68, 75
 2938, 14, 56, 64, 38, 82, 45, 80, 58, 64
 2281, 81, 34, 36, 15, 69, 34, 68, 54, 35
 2639, 15, 39, 75, 64, 85, 51, 87, 60, 74
 2688, 16, 55, 68, 38, 80, 49, 80, 58, 67
 3117, 14, 65, 45, 28, 74, 54, 73, 47, 50
 2243, 17, 75, 49, 33, 82, 66, 83, 57, 54
  570, 18, 77, 55, 32, 76, 68, 69, 61, 58
  374, 16, 87, 56, 33, 79, 82, 89, 57, 61
 2271, 15, 28, 50, 74, 91, 71, 91, 55, 62
 2492, 16, 71, 44, 29, 78, 72, 81, 51, 50
 2860, 14, 29, 61, 71, 87, 50, 79, 56, 63
  267, 16, 29, 50, 75, 84, 69, 76, 59, 65
 2966, 15, 28, 54, 63, 73, 47, 73, 52, 54
 2301, 14, 44, 71, 49, 84, 51, 81, 63, 77
  584, 15, 41, 80, 68, 89, 56, 77, 64, 74
  406, 14, 30, 56, 82, 84, 74, 86, 66, 71
  253, 15, 63, 71, 41, 84, 55, 87, 63, 69
 3129, 13, 68, 47, 29, 76, 59, 79, 46, 50
 2025, 12, 35, 57, 47, 76, 48, 70, 58, 64
  510, 96, 35, 36, 20, 77, 36, 80, 56, 37
 3115, 13, 58, 69, 39, 82, 52, 84, 58, 65
  376, 18, 79, 54, 35, 78, 78, 78, 59, 55
 2560, 15, 44, 78, 64, 87, 58, 84, 62, 81
  801, 15, 41, 82, 68, 83, 65, 81, 63, 78
  819, 15, 64, 73, 47, 84, 57, 86, 65, 72
 2807, 16, 44, 81, 68, 87, 58, 91, 63, 74
 2668, 13, 72, 44, 31, 78, 64, 79, 56, 49
  322, 14, 29, 53, 83, 87, 73, 92, 62, 69
  747, 17, 44, 76, 62, 84, 54, 81, 64, 78
 3109, 14, 69, 51, 31, 77, 60, 70, 51, 52
 2637, 12, 49, 74, 45, 87, 44, 82, 53, 68
 2760, 13, 29, 65, 73, 81, 56, 81, 62, 62
  378, 13, 69, 46, 28, 78, 58, 78, 51, 50
  450, 16, 38, 64, 56, 81, 48, 77, 55, 70
 2193, 13, 71, 45, 31, 76, 62, 73, 52, 51
 3132, 13, 26, 53, 65, 80, 48, 78, 56, 57
  536, 18, 57, 89, 60, 79, 58, 77, 80, 92
 3080, 13, 46, 70, 41, 83, 48, 80, 60, 62
 2888, 14, 69, 44, 26, 76, 63, 78, 48, 44
 2641, 15, 40, 62, 44, 78, 43, 71, 53, 65
 2670, 13, 68, 45, 31, 80, 55, 74, 50, 44
  771, 16, 72, 51, 33, 80, 76, 79, 58, 55
 2672, 14, 64, 41, 28, 74, 52, 74, 50, 52
  440, 17, 77, 54, 36, 81, 68, 79, 57, 52
 3101, 15, 29, 46, 69, 83, 56, 75, 56, 59
 3110, 14, 27, 55, 64, 78, 45, 66, 59, 62
 2247, 15, 78, 46, 29, 76, 57, 71, 54, 52
 2986, 15, 73, 51, 33, 77, 69, 75, 53, 55
 2546, 15, 64, 75, 42, 86, 58, 91, 64, 73
  466, 73, 34, 31, 18, 69, 31, 67, 48, 31
 2930, 15, 67, 45, 28, 79, 60, 82, 47, 48
  727, 15, 64, 74, 45, 80, 52, 78, 67, 80
 2978, 14, 30, 62, 77, 90, 57, 86, 64, 70
 2768, 16, 78, 52, 29, 77, 66, 76, 60, 53
 2055, 16, 69, 46, 27, 78, 59, 73, 54, 45
 3116, 15, 73, 48, 30, 73, 65, 68, 51, 50
  422, 18, 94, 65, 67, 79, 83, 76, 67, 70
  424, 18, 82, 56, 34, 86, 72, 86, 62, 60
  112, 19, 88, 61, 68, 81, 76, 79, 60, 64
 3020, 17, 50, 83, 53, 85, 53, 71, 68, 79
 2237, 14, 73, 47, 29, 78, 61, 79, 56, 47
 3072, 15, 35, 68, 60, 82, 44, 71, 63, 68
 2794, 14, 76, 48, 53, 74, 71, 77, 57, 52
 2939, 15, 44, 63, 44, 76, 49, 77, 53, 64
 3086, 14, 28, 53, 63, 80, 44, 75, 54, 53
 2653, 16, 27, 49, 76, 86, 67, 77, 63, 66
 3144, 14, 56, 65, 36, 80, 46, 78, 55, 59
 3089, 14, 46, 68, 45, 76, 50, 81, 54, 60
 2099, 81, 31, 36, 18, 68, 34, 64, 48, 36
 3096, 15, 38, 73, 62, 79, 54, 77, 67, 73
 2690, 14, 35, 71, 59, 77, 48, 73, 57, 73
 2562, 14, 28, 56, 69, 80, 51, 76, 58, 65
 2375, 16, 29, 53, 75, 79, 76, 72, 65, 66
 2123, 16, 45, 68, 51, 78, 52, 77, 61, 68
 3056, 74, 31, 34, 14, 65, 30, 70, 44, 32
 2972, 14, 28, 52, 62, 79, 47, 77, 57, 54
 2781, 17, 47, 69, 47, 79, 49, 71, 56, 62
 2815, 16, 30, 61, 74, 89, 52, 89, 65, 63
 2795, 15, 74, 51, 31, 84, 62, 81, 51, 57
  239, 14, 66, 46, 31, 86, 68, 84, 50, 50
 2269, 18, 53, 76, 49, 87, 53, 84, 64, 79
   49, 74, 34, 32, 16, 70, 32, 61, 44, 33
 2875, 13, 41, 67, 47, 82, 49, 79, 55, 60
 2722, 16, 74, 49, 32, 72, 65, 79, 56, 49
  241, 18, 73, 49, 32, 84, 71, 77, 58, 54
 2887, 61, 30, 31, 13, 69, 31, 71, 42, 31
 2923, 15, 27, 58, 69, 83, 43, 83, 54, 62
 2351, 17, 58, 67, 41, 86, 51, 84, 63, 75
 2133, 12, 35, 76, 65, 83, 52, 78, 61, 73
  167, 16, 41, 70, 63, 81, 49, 79, 60, 75
 2317, 17, 30, 62, 77, 88, 49, 89, 56, 67
 2067, 15, 33, 65, 57, 79, 45, 85, 55, 65
 3062, 15, 70, 49, 28, 79, 63, 73, 50, 57
  185, 15, 32, 67, 78, 77, 60, 73, 64, 69
 2910, 15, 64, 45, 28, 75, 57, 78, 44, 44
  442, 16, 61, 75, 49, 82, 56, 93, 71, 82
 2674, 14, 76, 47, 28, 73, 66, 77, 54, 53
  398, 18, 72, 86, 48, 74, 57, 70, 75, 90
 2976, 14, 45, 64, 42, 76, 44, 74, 58, 59
 2676, 14, 68, 43, 31, 82, 57, 79, 56, 47
  713, 14, 78, 52, 31, 80, 69, 76, 58, 55
 2085, 13, 30, 66, 74, 88, 53, 86, 59, 69
 2121, 13, 59, 71, 44, 78, 55, 76, 59, 70
 3071, 66, 26, 28, 13, 63, 26, 62, 35, 28
  356, 16, 32, 70, 85, 91, 58, 84, 70, 77
 2931, 15, 66, 47, 26, 83, 58, 80, 47, 53
 3004, 17, 33, 65, 78, 89, 55, 87, 71, 70
 3093, 13, 70, 44, 30, 78, 56, 73, 48, 47
 2859, 16, 30, 47, 77, 79, 75, 75, 63, 65
 2903, 15, 30, 63, 73, 82, 51, 77, 52, 63
 3128, 15, 69, 44, 30, 72, 65, 78, 48, 48
  225, 16, 32, 68, 79, 89, 57, 91, 61, 71
 2582, 17, 74, 51, 51, 85, 58, 80, 57, 51
 2219, 15, 58, 70, 39, 85, 51, 82, 61, 63
 3025, 13, 63, 72, 38, 80, 55, 84, 59, 74
  452, 18, 34, 74, 87, 95, 65, 85, 71, 72
 2255, 16, 56, 65, 38, 77, 57, 82, 63, 60
  282, 17, 71, 52, 32, 82, 60, 85, 50, 50
  857, 17, 30, 56, 69, 81, 55, 80, 60, 64
 2548, 16, 51, 73, 51, 80, 48, 79, 60, 74
  171, 14, 56, 65, 39, 83, 51, 81, 62, 61
 2692, 15, 44, 64, 44, 75, 46, 68, 52, 61
  715, 17, 77, 51, 32, 81, 76, 79, 56, 58
  538, 16, 51, 82, 54, 85, 58, 80, 76, 84
  618, 18, 74, 89, 48, 84, 64, 81, 74, 85
 2285, 14, 72, 50, 31, 81, 64, 82, 53, 49
  633, 16, 55, 80, 54, 89, 58, 89, 68, 80
  384, 19, 87, 59, 33, 90, 68, 80, 64, 62
 3003, 81, 35, 35, 18, 71, 33, 69, 48, 35
   79, 17, 63, 70, 46, 83, 61, 82, 68, 74
 2564, 15, 29, 47, 79, 66, 74, 68, 59, 69
  276, 83, 32, 33, 17, 76, 33, 74, 47, 33
 2965, 13, 28, 58, 72, 80, 47, 81, 56, 60
 2101, 68, 31, 31, 13, 75, 31, 72, 39, 28
  402, 18, 46, 83, 72, 84, 62, 80, 68, 86
 2195, 16, 72, 45, 30, 81, 55, 83, 51, 48
 2881, 15, 30, 63, 73, 90, 56, 90, 63, 69
 2678, 15, 62, 46, 29, 75, 55, 71, 47, 47
  163, 15, 44, 70, 44, 82, 51, 79, 61, 60
  143, 70, 30, 29, 17, 67, 29, 65, 44, 29
 2876, 14, 41, 69, 46, 85, 51, 83, 57, 66
 3100, 16, 29, 58, 67, 82, 49, 76, 58, 55
 2041, 14, 28, 62, 73, 83, 48, 81, 55, 61
 2803, 14, 56, 68, 41, 70, 52, 70, 65, 70
 3139, 14, 28, 52, 64, 92, 48, 84, 57, 63
 2866, 14, 67, 44, 29, 84, 57, 82, 47, 47
 2165, 14, 47, 70, 48, 86, 50, 84, 60, 68
  620, 16, 79, 54, 34, 84, 70, 76, 59, 59
 2963, 14, 26, 56, 69, 79, 49, 72, 56, 62
 2217, 14, 36, 75, 64, 83, 52, 72, 60, 78
 3143, 13, 69, 45, 27, 79, 58, 79, 44, 47
  386, 17, 62, 46, 28, 75, 58, 77, 50, 45
 2778, 16, 75, 50, 53, 83, 65, 83, 60, 54
 3032, 17, 55, 80, 53, 79, 58, 77, 73, 80
  213, 15, 41, 74, 62, 87, 52, 74, 62, 78
 2810, 16, 49, 74, 51, 87, 52, 81, 62, 75
 2968, 12, 46, 64, 42, 78, 45, 73, 53, 64
 3099, 12, 30, 46, 70, 81, 58, 87, 55, 65
 2894, 14, 37, 73, 61, 88, 50, 85, 57, 67
  514, 18, 87, 56, 36, 75, 79, 76, 63, 58
   18, 15, 77, 51, 32, 76, 73, 82, 61, 60
 2998, 15, 72, 83, 45, 79, 58, 77, 71, 80
  695, 15, 65, 73, 43, 78, 58, 73, 67, 71
 3046, 18, 79, 55, 55, 87, 67, 85, 58, 59
 2017, 14, 67, 45, 30, 77, 57, 77, 53, 47
 2283, 71, 32, 32, 15, 69, 30, 61, 46, 29
  195, 14, 73, 49, 31, 78, 73, 75, 61, 52
 2904, 13, 30, 49, 74, 84, 65, 84, 59, 62
 2353, 14, 40, 70, 62, 82, 52, 76, 61, 71
 2981, 14, 76, 51, 31, 77, 64, 71, 53, 54
  408, 15, 31, 64, 76, 85, 57, 77, 68, 79
  787, 15, 70, 80, 44, 82, 57, 86, 65, 77
  426, 17, 87, 57, 33, 75, 73, 70, 59, 63
 2932, 13, 66, 44, 31, 84, 61, 80, 46, 51
 2319, 14, 29, 58, 72, 80, 54, 73, 57, 60
  197, 17, 79, 53, 33, 87, 77, 86, 57, 56
   36, 14, 28, 50, 63, 86, 65, 76, 60, 62
  803, 15, 30, 69, 78, 91, 57, 87, 67, 72
    2, 80, 34, 32, 17, 74, 34, 72, 46, 33
 2321, 13, 31, 55, 66, 85, 48, 79, 53, 59
  255, 17, 42, 79, 69, 89, 55, 88, 60, 84
 2566, 17, 29, 62, 77, 86, 53, 72, 65, 70
 2163, 13, 62, 71, 39, 82, 49, 89, 61, 68
 2303, 16, 56, 69, 36, 76, 49, 74, 59, 66
  366, 87, 31, 36, 16, 72, 31, 77, 48, 36
 2057, 14, 64, 44, 30, 74, 62, 76, 45, 48
 2940, 12, 37, 67, 58, 80, 47, 74, 59, 67
 2472, 14, 28, 56, 68, 80, 52, 77, 55, 58
 2623, 13, 72, 49, 27, 76, 64, 79, 50, 48
 2920, 15, 44, 66, 45, 86, 49, 82, 64, 64
 2754, 14, 31, 49, 78, 86, 66, 80, 62, 64
 2287, 15, 71, 49, 32, 84, 62, 89, 55, 50
 2891, 14, 68, 48, 27, 84, 59, 84, 50, 50
  542, 17, 72, 82, 50, 87, 62, 88, 74, 80
  131, 16, 51, 76, 60, 80, 56, 77, 68, 78
  647, 17, 31, 55, 81, 93, 68, 90, 64, 72
 2167, 15, 38, 71, 62, 84, 51, 84, 58, 66
 2015, 15, 66, 43, 28, 81, 65, 76, 53, 46
 2816, 17, 31, 65, 74, 95, 54, 90, 62, 68
 3031, 15, 48, 88, 73, 82, 57, 75, 76, 83
 2842, 14, 74, 48, 28, 80, 57, 75, 53, 47
 2625, 16, 72, 44, 29, 71, 64, 72, 53, 49
   12, 16, 84, 61, 35, 86, 81, 89, 57, 62
 2257, 15, 38, 73, 61, 86, 47, 81, 57, 71
 2643, 16, 55, 65, 39, 86, 50, 89, 58, 58
 2720, 14, 76, 50, 29, 75, 63, 71, 59, 50
 2440, 14, 40, 78, 68, 83, 52, 81, 64, 78
 2508, 14, 46, 66, 46, 89, 51, 87, 55, 68
   83, 16, 32, 69, 79, 87, 54, 80, 68, 74
 2742, 15, 59, 67, 39, 85, 47, 86, 66, 69
 3133, 12, 42, 61, 40, 77, 43, 69, 51, 56
 2813, 14, 27, 65, 78, 95, 54, 92, 63, 70
 2941, 13, 42, 66, 44, 79, 53, 83, 58, 66
  302, 15, 63, 76, 43, 80, 56, 72, 68, 77
 2627, 14, 65, 44, 28, 74, 59, 69, 50, 45
 2964, 16, 27, 44, 71, 81, 60, 83, 58, 62
 2895, 15, 44, 72, 53, 83, 53, 69, 58, 71
 2975, 62, 27, 29, 14, 58, 28, 54, 36, 30
  709, 74, 30, 30, 14, 69, 31, 65, 41, 33
  761, 75, 34, 34, 16, 73, 31, 71, 47, 30
  346, 16, 57, 88, 58, 88, 60, 81, 69, 83
 2919, 15, 51, 62, 37, 83, 45, 85, 57, 65
  621, 14, 81, 56, 31, 74, 75, 78, 65, 56
  217, 16, 49, 78, 48, 85, 49, 77, 59, 79
   51, 17, 85, 52, 34, 86, 70, 80, 63, 55
 2841, 69, 30, 31, 15, 64, 31, 62, 40, 31
  348, 19, 88, 59, 61, 84, 79, 85, 61, 67
 2877, 14, 34, 69, 56, 78, 46, 72, 55, 70
   97, 78, 34, 36, 18, 72, 35, 73, 48, 35
  284, 16, 71, 51, 31, 77, 70, 71, 61, 54
  586, 16, 66, 74, 48, 87, 57, 85, 69, 75
 3010, 15, 80, 50, 29, 75, 71, 76, 54, 55
  392, 18, 68, 82, 52, 82, 65, 83, 73, 78
 2155, 14, 74, 49, 29, 80, 59, 80, 55, 49
 2079, 12, 52, 59, 37, 77, 49, 76, 61, 60
 2087, 15, 28, 51, 60, 74, 47, 70, 54, 54
 2089, 12, 26, 51, 63, 81, 45, 83, 52, 54
   38, 18, 32, 51, 80, 85, 80, 81, 65, 69
  588, 17, 57, 71, 43, 85, 52, 87, 62, 73
 3007, 15, 62, 75, 44, 80, 54, 73, 64, 74
 3126, 16, 45, 65, 43, 75, 46, 71, 57, 62
 2177, 15, 27, 58, 70, 85, 50, 78, 53, 62
 3061, 15, 72, 44, 30, 77, 60, 77, 48, 50
  388, 16, 85, 54, 34, 86, 81, 90, 65, 60
  304, 17, 58, 88, 57, 90, 59, 88, 75, 91
 2924, 13, 27, 46, 67, 84, 69, 83, 56, 60
  110, 19, 72, 80, 47, 87, 65, 89, 76, 78
 2035, 13, 51, 63, 39, 85, 53, 79, 64, 59
 2205, 13, 60, 69, 39, 82, 46, 81, 61, 68
  324, 16, 27, 63, 71, 93, 48, 77, 55, 69
 3019, 15, 54, 76, 53, 80, 54, 75, 64, 74
  544, 18, 68, 77, 50, 75, 68, 80, 70, 77
  516, 18, 85, 57, 32, 78, 82, 85, 58, 60
  755, 18, 33, 76, 89, 90, 65, 91, 71, 77
 2962, 13, 67, 47, 30, 75, 63, 70, 48, 50
 2335, 17, 74, 48, 31, 79, 66, 82, 54, 50
 3055, 17, 85, 57, 31, 83, 71, 83, 55, 60
 2291, 17, 77, 49, 32, 83, 69, 88, 51, 57
   42, 17, 34, 61, 80, 92, 68, 93, 71, 76
 3105, 15, 63, 43, 29, 77, 56, 71, 48, 49
 2655, 13, 29, 47, 72, 92, 59, 81, 63, 65
  520, 19, 90, 59, 35, 88, 83, 92, 67, 62
 2861, 16, 37, 75, 65, 76, 56, 78, 61, 82
  773, 18, 84, 54, 33, 74, 77, 72, 55, 59
  667, 16, 87, 58, 36, 75, 70, 72, 66, 57
 2957, 16, 48, 67, 45, 79, 47, 74, 57, 67
  428, 15, 88, 57, 31, 83, 82, 85, 62, 61
  572, 14, 83, 59, 31, 89, 68, 87, 59, 62
 2806, 15, 37, 72, 59, 75, 50, 75, 53, 62
 2261, 15, 52, 64, 35, 75, 44, 74, 55, 60
  199, 17, 74, 51, 30, 81, 70, 82, 61, 55
 2023, 15, 48, 65, 46, 77, 43, 66, 58, 58
  679, 16, 68, 78, 51, 85, 61, 84, 77, 78
  227, 17, 31, 54, 80, 90, 70, 82, 58, 72
  458, 16, 34, 69, 90, 91, 73, 84, 80, 82
 3028, 14, 76, 54, 32, 85, 64, 80, 52, 55
 2724, 17, 83, 57, 61, 82, 66, 75, 61, 56
  522, 18, 88, 63, 35, 74, 74, 73, 65, 64
 2858, 14, 54, 67, 41, 82, 51, 77, 63, 73
   46, 85, 31, 35, 18, 66, 34, 64, 49, 36
 2952, 14, 28, 57, 67, 81, 48, 75, 56, 59
  574, 15, 77, 54, 33, 77, 73, 73, 62, 56
 3111, 16, 28, 46, 63, 81, 55, 72, 56, 58
  444, 18, 61, 72, 46, 79, 59, 86, 64, 79
 2629, 16, 72, 49, 29, 76, 71, 90, 47, 50
 3068, 62, 27, 26, 14, 65, 28, 68, 33, 27
 2516, 15, 32, 64, 72, 79, 55, 72, 63, 69
 2987, 76, 31, 31, 14, 59, 32, 53, 43, 33
 2215, 12, 38, 67, 56, 78, 46, 76, 56, 67
  201, 16, 75, 49, 30, 79, 61, 85, 53, 53
  360, 17, 35, 69, 82, 95, 63, 86, 69, 71
 2912, 15, 64, 43, 28, 77, 63, 80, 46, 46
 3024, 16, 29, 49, 73, 92, 66, 85, 69, 68
 2744, 14, 46, 67, 50, 79, 48, 74, 59, 69
 2071, 14, 52, 59, 37, 81, 53, 81, 55, 66
 2009, 14, 74, 44, 27, 76, 61, 86, 53, 47
 2263, 15, 57, 64, 38, 83, 49, 86, 58, 62
 2179, 13, 28, 58, 65, 81, 46, 76, 56, 60
 3030, 17, 56, 80, 52, 77, 57, 69, 69, 74
 3034, 17, 79, 55, 56, 85, 71, 82, 58, 56
 3114, 14, 47, 63, 46, 74, 52, 79, 56, 61
 3138, 12, 27, 45, 63, 78, 53, 74, 59, 59
 3066, 13, 62, 41, 26, 76, 56, 68, 44, 47
 3009, 18, 83, 57, 31, 77, 71, 79, 57, 59
 2944, 13, 35, 69, 57, 83, 45, 77, 61, 65
 2808, 16, 47, 73, 52, 86, 53, 79, 58, 71
 2241, 16, 73, 49, 28, 73, 59, 70, 49, 50
 2956, 15, 39, 69, 56, 83, 52, 83, 64, 66
 3040, 18, 44, 79, 65, 78, 55, 68, 70, 80
 2750, 15, 38, 74, 66, 82, 52, 80, 58, 66
 3006, 16, 52, 78, 52, 82, 58, 74, 69, 73
  590, 13, 40, 75, 64, 75, 52, 68, 57, 78
 2992, 15, 43, 76, 64, 82, 52, 74, 68, 73
  661, 73, 32, 32, 14, 69, 32, 74, 43, 33
 2933, 14, 67, 42, 30, 84, 56, 81, 45, 46
 3014, 14, 74, 48, 54, 88, 62, 88, 52, 58
 2702, 13, 28, 55, 68, 85, 51, 81, 55, 61
 2073, 14, 33, 64, 57, 79, 44, 86, 51, 64
  101, 18, 85, 56, 33, 86, 75, 82, 59, 58
 2199, 15, 76, 51, 30, 77, 63, 79, 51, 58
 2814, 15, 32, 53, 75, 87, 77, 82, 65, 71
 2771, 14, 60, 68, 41, 77, 59, 77, 61, 72
 2657, 13, 27, 56, 64, 78, 43, 73, 55, 59
  272, 14, 31, 61, 74, 90, 53, 87, 61, 65
 2532, 14, 75, 52, 33, 76, 72, 73, 54, 55
  436, 15, 73, 53, 31, 78, 73, 87, 52, 55
 2796, 17, 79, 52, 31, 85, 71, 86, 55, 56
 3098, 14, 28, 62, 71, 84, 46, 79, 60, 58
 2568, 14, 31, 61, 71, 75, 51, 75, 61, 59
  566, 80, 33, 31, 17, 61, 32, 53, 52, 33
  350, 17, 76, 85, 48, 84, 70, 93, 77, 78
 3085, 15, 28, 57, 69, 79, 46, 77, 54, 57
 2716, 78, 29, 32, 14, 64, 28, 60, 45, 29
 2434, 14, 68, 44, 28, 83, 56, 79, 45, 50
  243, 16, 79, 53, 31, 86, 67, 85, 55, 59
  410, 16, 30, 57, 69, 86, 50, 89, 61, 67
  380, 15, 84, 56, 31, 72, 78, 74, 58, 62
  681, 16, 64, 74, 44, 77, 57, 75, 65, 69
 2696, 14, 63, 70, 42, 83, 51, 79, 58, 71
 2043, 13, 26, 58, 72, 86, 54, 80, 56, 62
 2059, 13, 64, 44, 28, 76, 60, 75, 53, 42
  165, 15, 45, 70, 45, 80, 54, 69, 60, 70
 2039, 13, 38, 66, 57, 81, 48, 82, 52, 68
 2621, 14, 68, 43, 29, 77, 61, 79, 55, 47
 2584, 17, 78, 49, 32, 76, 70, 75, 53, 52
  576, 18, 80, 53, 32, 78, 72, 77, 60, 61
 3097, 15, 27, 55, 65, 80, 51, 79, 55, 60
 2223, 16, 27, 64, 73, 82, 54, 80, 61, 64
  468, 15, 84, 56, 32, 76, 74, 67, 61, 61
  821, 14, 83, 54, 31, 76, 75, 74, 62, 54
  434, 16, 86, 58, 33, 78, 80, 78, 60, 62
 3125, 14, 46, 67, 45, 76, 48, 70, 61, 62
  269, 14, 43, 77, 63, 84, 55, 79, 61, 77
 2187, 75, 28, 31, 13, 63, 29, 54, 39, 29
 3107, 13, 57, 69, 41, 77, 50, 73, 64, 67
  604, 17, 30, 65, 80, 96, 55, 87, 65, 75
 2772, 15, 79, 49, 31, 83, 64, 85, 57, 53
  683, 16, 48, 89, 82, 85, 63, 80, 82, 92
 2061, 14, 65, 42, 30, 72, 57, 70, 55, 46
 3063, 66, 29, 30, 15, 65, 31, 64, 40, 30
 3088, 14, 46, 67, 40, 79, 46, 75, 56, 69
 3008, 17, 80, 54, 32, 77, 68, 80, 57, 61
 2597, 16, 50, 70, 44, 82, 49, 79, 63, 64
 2728, 16, 76, 50, 30, 76, 68, 78, 60, 53
  552, 16, 47, 89, 83, 91, 60, 87, 68, 80
 3122, 16, 73, 47, 30, 70, 69, 74, 46, 55
   85, 17, 29, 54, 66, 81, 61, 73, 60, 58
    5, 19, 88, 62, 33, 85, 84, 89, 58, 67
 3136, 12, 62, 42, 29, 68, 54, 67, 42, 47
  103, 16, 78, 55, 32, 80, 74, 80, 61, 62
   44, 15, 30, 54, 75, 83, 66, 77, 64, 70
  815, 70, 32, 31, 15, 62, 32, 60, 44, 31
  833, 15, 72, 53, 35, 77, 72, 77, 60, 59
  637, 15, 55, 89, 59, 83, 63, 84, 82, 90
  751, 16, 32, 51, 83, 85, 76, 84, 62, 73
 3044, 18, 63, 73, 43, 78, 52, 83, 63, 75
 2945, 12, 27, 60, 69, 90, 50, 82, 62, 57
  179, 15, 34, 58, 85, 86, 81, 82, 69, 78
  456, 18, 46, 83, 67, 79, 59, 79, 64, 82
  733, 15, 52, 74, 52, 80, 58, 68, 63, 76
 3082, 67, 28, 27, 15, 62, 29, 62, 39, 30
  116, 18, 59, 79, 56, 91, 64, 88, 74, 83
  145, 17, 71, 45, 29, 83, 63, 82, 51, 51
  614, 74, 34, 31, 17, 74, 29, 77, 47, 30
  187, 78, 29, 31, 18, 73, 30, 70, 45, 35
 3120, 13, 29, 46, 65, 81, 61, 78, 56, 61
 3135, 14, 62, 44, 25, 74, 53, 71, 42, 42
 2235, 69, 27, 29, 14, 70, 28, 72, 39, 29
 2773, 13, 71, 51, 30, 83, 64, 75, 50, 52
 2726, 17, 71, 52, 29, 74, 65, 68, 56, 47
 2980, 16, 53, 70, 49, 80, 54, 85, 67, 71
  623, 16, 83, 51, 33, 78, 68, 73, 57, 54
 3087, 12, 36, 68, 55, 85, 45, 80, 62, 68
 2077, 14, 53, 60, 36, 82, 51, 78, 54, 64
 2081, 14, 43, 62, 45, 80, 46, 79, 52, 66
 2013, 15, 77, 52, 29, 83, 63, 86, 51, 53
  278, 76, 33, 31, 15, 76, 32, 78, 48, 36
 2450, 17, 71, 45, 49, 86, 61, 82, 49, 53
 2107, 17, 72, 48, 32, 80, 63, 78, 53, 49
 2812, 17, 31, 62, 71, 84, 54, 81, 65, 63
  404, 16, 33, 62, 77, 81, 54, 74, 67, 68
 3113, 15, 47, 66, 44, 78, 46, 74, 55, 65
  294, 16, 77, 52, 31, 72, 71, 76, 50, 56
 3050, 17, 66, 79, 46, 86, 54, 88, 68, 75
 2914, 13, 64, 44, 30, 76, 57, 70, 44, 47
  554, 16, 33, 81, 91, 96, 66, 82, 68, 78
 2959, 16, 66, 47, 27, 72, 68, 72, 47, 48
 3095, 16, 45, 72, 50, 75, 52, 74, 60, 68
  707, 79, 34, 33, 17, 74, 31, 76, 44, 36
 3130, 65, 30, 31, 13, 66, 27, 60, 35, 31
  488, 16, 41, 70, 63, 87, 63, 82, 64, 77
 2309, 14, 58, 72, 40, 78, 51, 80, 60, 73
 3054, 16, 75, 52, 33, 83, 70, 84, 56, 53
 2534, 14, 75, 50, 31, 89, 72, 86, 54, 51
 2955, 16, 48, 69, 43, 75, 47, 72, 63, 63
  314, 14, 33, 59, 73, 83, 61, 77, 60, 66
 2405, 14, 63, 71, 41, 83, 50, 84, 59, 72
  735, 15, 53, 79, 56, 87, 58, 87, 69, 78
  231, 74, 32, 32, 17, 73, 34, 62, 43, 33
  306, 14, 44, 82, 69, 78, 59, 74, 62, 80
  556, 16, 32, 80, 93, 91, 65, 90, 71, 82
 3073, 14, 32, 70, 83, 86, 55, 83, 65, 70
  524, 17, 85, 59, 33, 82, 79, 87, 63, 62
 2804, 16, 41, 69, 58, 90, 49, 85, 61, 73
  430, 15, 82, 55, 35, 78, 86, 88, 69, 60
  508, 14, 33, 58, 69, 82, 51, 79, 64, 69
  432, 16, 82, 57, 37, 84, 74, 83, 66, 61
 2706, 13, 27, 58, 69, 80, 45, 77, 55, 58
 2764, 74, 29, 30, 17, 67, 30, 64, 42, 28
    8, 17, 73, 53, 35, 83, 71, 78, 60, 56
   16, 17, 80, 53, 31, 85, 70, 79, 58, 60
  151, 13, 65, 45, 29, 79, 59, 71, 54, 46
 3060, 14, 67, 49, 29, 71, 67, 77, 50, 53
  107, 18, 85, 58, 33, 88, 77, 90, 69, 64
   87, 17, 33, 52, 77, 91, 71, 88, 69, 72
   24, 15, 61, 75, 44, 88, 61, 92, 69, 76
 2502, 15, 75, 46, 30, 75, 68, 80, 59, 54
 3076, 15, 30, 49, 68, 85, 60, 74, 65, 62
  412, 15, 31, 67, 76, 85, 59, 84, 66, 72
  245, 14, 80, 50, 31, 76, 72, 74, 60, 58
 2915, 15, 67, 45, 28, 81, 57, 83, 43, 45
 2027, 13, 54, 63, 37, 79, 48, 80, 59, 68
   67, 16, 62, 77, 46, 84, 58, 90, 73, 85
 3142, 15, 67, 43, 30, 76, 60, 84, 47, 50
  414, 18, 30, 72, 82, 92, 66, 79, 65, 73
 2615, 72, 30, 30, 14, 66, 29, 57, 43, 28
  470, 17, 82, 56, 32, 73, 77, 66, 58, 64
  677, 17, 75, 58, 33, 77, 72, 68, 60, 58
  791, 17, 41, 72, 64, 84, 56, 86, 62, 70
 2734, 13, 74, 47, 31, 69, 60, 64, 56, 53
 2341, 14, 74, 48, 31, 79, 71, 77, 54, 53
 2171, 16, 43, 66, 48, 79, 47, 73, 58, 59
 3124, 13, 46, 70, 43, 78, 48, 76, 58, 64
 2984, 17, 53, 77, 53, 86, 56, 84, 69, 78
 2988, 16, 32, 49, 75, 84, 65, 81, 63, 65
  759, 66, 29, 31, 16, 69, 28, 71, 38, 28
 3053, 14, 84, 51, 31, 79, 74, 85, 55, 61
 2613, 14, 30, 48, 80, 76, 69, 74, 61, 68
 3011, 14, 30, 61, 71, 77, 52, 67, 62, 63
  526, 15, 88, 59, 33, 78, 84, 82, 67, 61
  149, 14, 72, 48, 29, 66, 70, 60, 56, 53
  416, 91, 37, 35, 16, 70, 33, 63, 52, 37
 2991, 17, 31, 65, 74, 81, 57, 75, 66, 68
 3048, 15, 32, 51, 79, 80, 66, 81, 63, 69
  330, 19, 83, 58, 35, 88, 74, 80, 64, 62
 2003, 68, 28, 30, 13, 69, 28, 68, 44, 27
   20, 16, 61, 89, 63, 89, 63, 86, 76, 91
 2845, 16, 76, 51, 30, 81, 70, 85, 54, 53
 3002, 91, 35, 35, 15, 66, 36, 55, 49, 33
  737, 14, 52, 62, 37, 77, 48, 72, 57, 64
 3091, 16, 63, 46, 28, 70, 54, 67, 49, 50
 2863, 15, 28, 59, 72, 89, 48, 83, 58, 64
   26, 17, 59, 89, 64, 88, 63, 83, 77, 90
 2971, 61, 26, 26, 16, 62, 31, 61, 36, 28
  612, 84, 32, 32, 17, 68, 31, 66, 48, 31
 3083, 14, 46, 67, 44, 79, 53, 75, 60, 61
 2989, 15, 64, 75, 43, 80, 53, 76, 62, 69
 2530, 73, 30, 33, 14, 66, 31, 64, 45, 32
 2851, 13, 42, 67, 49, 83, 48, 85, 57, 66
 3070, 59, 27, 28, 13, 69, 29, 63, 38, 28
  135, 19, 33, 54, 90, 87, 83, 87, 73, 77
  247, 18, 85, 59, 59, 88, 76, 84, 64, 64
   93, 15, 34, 66, 77, 90, 56, 82, 66, 72
 2970, 13, 66, 45, 28, 75, 59, 76, 47, 48
  390, 15, 84, 58, 31, 84, 77, 87, 63, 60
 2361, 16, 49, 74, 49, 87, 50, 87, 65, 73
  753, 17, 29, 64, 75, 81, 57, 79, 64, 69
  717, 15, 79, 53, 32, 85, 66, 77, 55, 57
 2864, 78, 32, 35, 14, 73, 31, 79, 47, 31
 2698, 16, 39, 72, 64, 86, 50, 78, 53, 71
 2189, 74, 33, 31, 16, 66, 31, 60, 49, 31
 2359, 15, 65, 79, 46, 83, 58, 86, 69, 80
 2345, 15, 68, 50, 31, 76, 63, 70, 57, 51
 2209, 13, 42, 75, 62, 90, 50, 91, 59, 68
 3141, 14, 61, 44, 28, 78, 62, 80, 49, 49
 2869, 16, 76, 49, 51, 75, 72, 78, 50, 60
 2293, 16, 73, 51, 31, 83, 68, 78, 60, 56
 2536, 14, 79, 52, 31, 76, 71, 87, 56, 58
 2049, 14, 34, 63, 55, 80, 49, 76, 53, 60
 2925, 15, 29, 54, 64, 71, 46, 69, 54, 58
 2111, 15, 70, 46, 28, 83, 61, 81, 52, 52
  546, 15, 45, 81, 66, 87, 63, 80, 70, 84
  548, 16, 74, 86, 51, 85, 67, 90, 72, 85
 2942, 15, 52, 62, 38, 77, 46, 75, 54, 63
 2520, 17, 30, 63, 74, 83, 49, 81, 62, 59
  418, 82, 34, 35, 18, 63, 33, 55, 51, 37
 2809, 16, 45, 73, 47, 86, 55, 80, 62, 68
 2422, 15, 32, 56, 75, 86, 71, 91, 66, 68
  528, 18, 87, 62, 61, 85, 78, 85, 61, 63
   32, 14, 29, 63, 72, 90, 55, 81, 60, 70
  639, 17, 55, 73, 59, 81, 56, 76, 64, 80
  687, 19, 49, 82, 72, 89, 63, 82, 72, 80
  181, 16, 31, 58, 82, 90, 75, 85, 70, 74
  641, 17, 47, 76, 64, 78, 51, 73, 62, 69
 2897, 14, 44, 68, 49, 82, 48, 76, 58, 67
  464, 87, 31, 35, 16, 71, 31, 77, 44, 36
 3137, 61, 30, 28, 15, 69, 27, 70, 39, 27
 2682, 15, 73, 47, 31, 78, 57, 77, 48, 45
  265, 14, 32, 54, 64, 85, 60, 88, 57, 62
  627, 14, 77, 52, 32, 81, 71, 80, 55, 57
  394, 18, 63, 71, 47, 79, 59, 82, 66, 73
  671, 17, 75, 54, 35, 82, 71, 77, 59, 60
 2323, 14, 32, 52, 79, 89, 75, 76, 63, 70
 3104, 15, 65, 42, 27, 69, 61, 68, 45, 45
  697, 17, 34, 73, 87, 87, 64, 83, 74, 76
 2906, 15, 29, 63, 77, 94, 51, 89, 60, 69
 2974, 14, 45, 68, 45, 83, 46, 85, 59, 69
  286, 17, 82, 54, 59, 85, 71, 85, 56, 55
  189, 73, 31, 33, 18, 71, 33, 81, 51, 35
 2718, 74, 30, 30, 17, 69, 31, 65, 39, 30
 2599, 14, 71, 45, 51, 79, 61, 87, 58, 46
  118, 18, 70, 85, 51, 82, 62, 78, 73, 91
 2916, 14, 68, 45, 26, 77, 61, 87, 44, 49
 3018, 15, 33, 51, 80, 81, 66, 81, 66, 67
 2983, 15, 31, 65, 79, 82, 55, 74, 65, 68
 3140, 14, 63, 46, 29, 71, 58, 69, 44, 47
  797, 17, 67, 80, 47, 78, 59, 85, 64, 77
 3069, 14, 39, 65, 55, 80, 45, 82, 56, 66
  334, 16, 83, 55, 33, 80, 81, 78, 68, 60
  848, 13, 30, 64, 75, 86, 56, 79, 60, 71
  598, 16, 43, 82, 70, 88, 60, 88, 67, 77
 3023, 15, 53, 80, 49, 75, 59, 74, 67, 77
 2664, 75, 31, 31, 15, 72, 29, 77, 41, 30
 2367, 17, 30, 64, 78, 93, 60, 91, 66, 74
 3106, 15, 29, 59, 69, 79, 50, 70, 60, 62
 2951, 16, 29, 58, 66, 80, 47, 74, 58, 62
  288, 16, 78, 52, 34, 87, 69, 75, 51, 59
 2798, 16, 74, 48, 30, 77, 72, 80, 58, 53
 3078, 13, 28, 53, 64, 89, 51, 71, 61, 60
 2870, 16, 59, 41, 29, 75, 52, 72, 50, 45
 2882, 14, 28, 45, 75, 81, 67, 72, 57, 61
  312, 17, 40, 66, 58, 74, 56, 70, 62, 71
 3015, 15, 31, 66, 74, 83, 54, 75, 68, 64
 2929, 64, 29, 28, 15, 69, 29, 66, 35, 28
 2797, 16, 57, 68, 42, 79, 62, 87, 62, 69
 2550, 15, 41, 67, 55, 77, 52, 75, 63, 66
  328, 77, 32, 35, 16, 72, 34, 78, 46, 34
   40, 16, 32, 65, 78, 98, 58, 88, 68, 72
 2063, 12, 64, 42, 30, 83, 57, 81, 49, 47
 2934, 16, 67, 47, 30, 74, 63, 70, 43, 50
  175, 14, 40, 74, 66, 87, 50, 85, 54, 71
  705, 17, 34, 68, 78, 84, 60, 78, 70, 74
 2587, 17, 73, 52, 31, 87, 64, 77, 59, 52
  530, 15, 84, 59, 56, 87, 76, 77, 60, 64
  564, 83, 34, 33, 15, 63, 34, 57, 47, 33
  795, 14, 54, 89, 60, 80, 55, 85, 77, 87
 2658, 15, 28, 56, 66, 95, 48, 91, 59, 65
 2961, 15, 67, 49, 28, 74, 58, 71, 47, 51
  629, 18, 77, 53, 32, 78, 66, 75, 51, 53
 2631, 15, 65, 43, 28, 71, 57, 73, 51, 46
 2454, 15, 57, 68, 41, 76, 57, 69, 64, 70
 2221, 13, 28, 58, 68, 89, 52, 82, 55, 57
 2883, 13, 35, 72, 58, 81, 53, 75, 54, 67
  846, 15, 40, 71, 59, 83, 52, 72, 63, 71
 2201, 15, 66, 44, 29, 81, 67, 72, 56, 50
  699, 16, 31, 76, 87, 91, 65, 92, 78, 80
 2758, 16, 31, 68, 78, 95, 56, 93, 61, 69
  229, 17, 31, 64, 78, 91, 54, 84, 60, 70
  161, 15, 67, 76, 44, 85, 56, 86, 67, 77
 2029, 13, 40, 73, 49, 79, 47, 76, 59, 71
 2135, 12, 29, 64, 72, 89, 48, 76, 57, 59
   69, 15, 67, 76, 45, 88, 62, 88, 69, 80
 2540, 15, 69, 46, 31, 76, 61, 72, 57, 51
 2884, 14, 27, 48, 73, 92, 61, 84, 60, 61
  332, 19, 84, 58, 36, 84, 81, 77, 59, 60
 2958, 14, 71, 48, 29, 75, 65, 82, 50, 52
 3146, 15, 42, 84, 73, 79, 58, 69, 72, 85
  807, 17, 42, 69, 56, 76, 53, 76, 65, 74
  799, 15, 53, 79, 56, 83, 55, 82, 67, 78
  257, 17, 64, 74, 42, 81, 55, 88, 61, 72
 2752, 15, 30, 51, 80, 88, 71, 83, 60, 68
  120, 16, 57, 89, 63, 91, 64, 83, 73, 87
  271, 16, 78, 53, 31, 74, 75, 65, 62, 51
 2927, 13, 26, 55, 67, 87, 50, 84, 59, 59
 2854, 16, 42, 75, 64, 81, 51, 80, 63, 72
 2872, 14, 66, 41, 27, 77, 64, 79, 47, 48
 2145, 79, 28, 31, 15, 63, 30, 56, 43, 29
 2349, 15, 75, 52, 31, 84, 65, 82, 54, 58
  649, 15, 41, 82, 68, 83, 55, 78, 62, 85
 2554, 17, 59, 70, 42, 80, 52, 73, 70, 71
   55, 17, 85, 55, 31, 81, 80, 85, 65, 63
 2113, 15, 69, 51, 31, 80, 62, 71, 57, 48
  838, 14, 52, 81, 56, 85, 54, 75, 61, 80
  259, 16, 50, 83, 70, 85, 64, 83, 75, 82
 3027, 15, 70, 47, 28, 79, 58, 72, 51, 54
 3108, 16, 76, 51, 28, 77, 62, 80, 52, 51
 3059, 16, 68, 47, 30, 76, 56, 71, 48, 49
  462, 15, 33, 68, 79, 87, 61, 88, 71, 76
 2333, 76, 30, 32, 17, 70, 32, 74, 46, 33
  203, 16, 76, 49, 32, 88, 71, 83, 60, 51
  460, 16, 35, 59, 82, 85, 75, 77, 68, 73
 2552, 15, 50, 73, 48, 88, 54, 83, 62, 74
 2982, 15, 31, 65, 73, 82, 52, 83, 64, 65
 2969, 13, 64, 45, 26, 80, 56, 71, 45, 45
  177, 14, 41, 64, 48, 83, 50, 75, 55, 65
 3039, 18, 43, 84, 71, 84, 59, 76, 71, 85
  651, 16, 30, 54, 77, 89, 70, 85, 64, 73
 2456, 18, 56, 83, 58, 83, 60, 80, 72, 78
 2926, 14, 28, 48, 71, 91, 60, 90, 60, 65
  550, 15, 48, 86, 74, 80, 67, 72, 69, 90
  261, 15, 43, 76, 62, 82, 50, 81, 66, 76
 2137, 17, 34, 56, 80, 89, 76, 91, 69, 70
  472, 15, 70, 50, 31, 76, 73, 76, 58, 55
 2985, 17, 78, 53, 33, 78, 73, 79, 55, 58
 3049, 15, 54, 75, 50, 78, 54, 79, 64, 76
  280, 70, 34, 31, 17, 62, 30, 63, 47, 33
 2878, 17, 57, 69, 39, 85, 48, 82, 61, 68
 2990, 17, 29, 52, 85, 86, 73, 85, 71, 69
  805, 16, 35, 72, 89, 92, 71, 84, 72, 69
  290, 18, 76, 56, 33, 81, 67, 79, 63, 56
 3029, 15, 68, 77, 47, 91, 64, 92, 72, 85
 2979, 17, 59, 70, 42, 72, 55, 66, 64, 78
 2458, 15, 43, 73, 59, 87, 58, 80, 69, 74
 2996, 16, 46, 98, 79, 90, 83, 86, 87, 93
  775, 15, 85, 56, 31, 81, 72, 86, 63, 62
  643, 15, 46, 75, 62, 76, 55, 72, 63, 80
 3012, 16, 59, 71, 41, 75, 48, 69, 61, 69
 2917, 13, 67, 43, 28, 78, 63, 83, 49, 49
 2936, 14, 66, 45, 29, 84, 58, 75, 44, 47
 2736, 13, 71, 47, 31, 75, 66, 76, 50, 48
  352, 15, 57, 87, 57, 90, 57, 80, 68, 91
 2811, 13, 40, 69, 60, 80, 48, 72, 58, 70
 2556, 17, 51, 74, 51, 84, 55, 80, 63, 73
 3013, 16, 68, 48, 29, 77, 63, 71, 51, 51
 2994, 15, 32, 60, 90, 87, 83, 81, 74, 78
 3119, 13, 29, 58, 67, 78, 45, 71, 55, 58
  292, 17, 81, 51, 30, 78, 73, 76, 56, 56
 2369, 16, 29, 54, 73, 91, 72, 88, 62, 73
 2921, 15, 53, 62, 38, 78, 45, 74, 55, 68
 3000, 15, 79, 58, 34, 78, 68, 74, 59, 58
 2097, 14, 26, 44, 66, 82, 57, 82, 53, 56
 2943, 15, 45, 68, 49, 72, 50, 70, 57, 67
 3037, 16, 39, 82, 67, 78, 53, 73, 75, 82
  133, 15, 30, 48, 77, 76, 68, 66, 59, 62
  725, 15, 79, 54, 34, 80, 75, 77, 63, 55
 3036, 14, 49, 70, 47, 72, 52, 72, 62, 71
  844, 15, 57, 69, 42, 80, 61, 88, 61, 72
  823, 15, 81, 52, 33, 86, 68, 80, 53, 60
  125, 16, 68, 84, 48, 77, 61, 82, 72, 86
 2233, 84, 33, 32, 16, 66, 30, 63, 45, 31
 3148, 15, 32, 54, 82, 82, 73, 74, 66, 70
 2363, 15, 44, 79, 68, 87, 55, 82, 67, 73
 2249, 13, 57, 69, 39, 72, 43, 65, 67, 58
 3047, 69, 33, 33, 14, 60, 33, 54, 43, 33
 2856, 15, 38, 76, 62, 86, 54, 81, 60, 70
  249, 18, 70, 48, 32, 78, 70, 79, 59, 55
 2892, 13, 74, 49, 28, 75, 64, 76, 54, 53
 2139, 12, 30, 63, 72, 89, 49, 87, 52, 64
 2033, 14, 37, 68, 58, 85, 49, 90, 58, 73
 2977, 15, 29, 51, 80, 85, 68, 84, 67, 64
 2327, 17, 30, 49, 83, 84, 67, 83, 63, 66
 3042, 17, 81, 51, 32, 79, 73, 72, 57, 58
 2211, 14, 48, 71, 44, 82, 46, 76, 55, 64
 2047, 13, 29, 55, 80, 85, 69, 86, 61, 71
 3043, 16, 43, 81, 69, 83, 55, 84, 70, 77
  474, 17, 83, 51, 31, 79, 73, 76, 55, 59
  336, 16, 85, 56, 33, 78, 81, 83, 61, 59
  532, 18, 88, 62, 60, 78, 73, 76, 69, 63
 2031, 16, 59, 67, 37, 80, 53, 84, 57, 66
 3005, 16, 52, 75, 52, 80, 54, 75, 67, 72
  500, 19, 33, 77, 91, 94, 64, 91, 80, 83
 2684, 13, 71, 48, 28, 76, 66, 78, 56, 51
 2001, 76, 27, 29, 16, 65, 29, 62, 43, 29
 2157, 15, 71, 45, 29, 84, 69, 83, 50, 50
 2273, 14, 26, 61, 72, 89, 51, 87, 58, 60
 2053, 66, 27, 27, 13, 72, 27, 63, 38, 29
  298, 15, 82, 53, 30, 75, 65, 70, 58, 53
 2948, 14, 30, 63, 71, 86, 50, 84, 58, 62
  512, 84, 35, 35, 17, 77, 36, 73, 48, 38
 2775, 15, 74, 49, 31, 84, 67, 78, 51, 48
 2609, 16, 28, 55, 66, 89, 52, 84, 58, 63
  316, 17, 32, 54, 79, 89, 71, 80, 61, 67
 3090, 14, 61, 45, 30, 73, 58, 77, 45, 49
  318, 16, 32, 66, 82, 89, 59, 77, 61, 70
  207, 17, 73, 50, 32, 77, 72, 84, 56, 55
  482, 16, 73, 50, 32, 79, 66, 74, 53, 53
 2946, 14, 40, 74, 65, 90, 51, 90, 63, 67
 2857, 15, 49, 67, 47, 76, 51, 75, 56, 66
 2967, 15, 43, 64, 44, 73, 48, 72, 59, 64
 3118, 68, 28, 28, 13, 66, 29, 68, 38, 30
 3001, 76, 35, 35, 15, 64, 32, 59, 47, 36
 2922, 12, 46, 67, 47, 80, 50, 81, 59, 67
  691, 19, 88, 57, 36, 79, 84, 82, 63, 58
 3052, 15, 73, 51, 32, 79, 66, 75, 55, 58
 3084, 16, 46, 72, 43, 79, 49, 78, 58, 66
 2570, 16, 29, 64, 74, 90, 53, 90, 63, 69
   95, 86, 34, 36, 20, 73, 35, 76, 49, 38
 3065, 12, 62, 39, 28, 74, 52, 61, 41, 48
  779, 15, 77, 52, 53, 79, 62, 74, 54, 55
  454, 18, 34, 61, 91, 81, 79, 81, 78, 82
 2275, 15, 26, 67, 76, 88, 50, 82, 57, 64
 2065, 15, 68, 44, 29, 78, 63, 78, 52, 46
 2885, 16, 27, 57, 65, 85, 48, 81, 56, 55
 3021, 17, 84, 53, 32, 75, 77, 74, 55, 58
 3092, 62, 31, 31, 14, 75, 28, 69, 34, 27
 2607, 13, 39, 70, 63, 79, 49, 74, 59, 75
  739, 17, 51, 74, 52, 83, 56, 78, 65, 74
 2424, 78, 32, 32, 14, 72, 31, 70, 43, 32
 2311, 16, 40, 76, 66, 94, 52, 87, 57, 75
  659, 83, 34, 35, 18, 70, 33, 75, 50, 33
 2993, 15, 78, 54, 30, 75, 69, 72, 55, 59
 2838, 13, 29, 73, 82, 84, 56, 77, 59, 67
 2267, 14, 44, 74, 46, 91, 50, 90, 54, 78
  813, 81, 29, 33, 14, 73, 29, 74, 45, 31
 3075, 15, 83, 56, 32, 71, 75, 69, 60, 57
 2954, 13, 55, 63, 40, 74, 48, 70, 59, 69
 2343, 14, 80, 54, 31, 75, 62, 82, 52, 56
 2127, 16, 48, 74, 49, 87, 51, 85, 61, 77
 3057, 13, 27, 60, 73, 85, 53, 83, 60, 65
 2227, 14, 28, 56, 66, 81, 45, 78, 55, 57
  592, 16, 47, 82, 57, 84, 56, 79, 67, 78
 2790, 14, 37, 76, 65, 78, 53, 66, 60, 78
  606, 18, 31, 72, 82, 93, 57, 90, 63, 74
 2460, 18, 55, 78, 56, 78, 60, 75, 68, 81
 3079, 13, 44, 70, 47, 79, 51, 76, 61, 67
  492, 16, 38, 65, 55, 78, 50, 77, 57, 67
 2928, 15, 29, 46, 68, 77, 57, 73, 59, 58
  502, 16, 35, 71, 88, 91, 61, 88, 70, 76
 2542, 17, 74, 49, 29, 82, 64, 75, 53, 51
  580, 15, 80, 51, 34, 76, 72, 74, 56, 52
 2898, 15, 58, 67, 37, 84, 45, 76, 58, 69
 2589, 16, 69, 50, 30, 75, 66, 82, 48, 58
 3094, 16, 47, 69, 46, 73, 50, 72, 58, 70
  494, 14, 54, 76, 54, 78, 51, 81, 63, 70
   71, 18, 68, 82, 47, 86, 59, 91, 72, 82
 2005, 13, 73, 43, 29, 72, 56, 73, 49, 50
  850, 15, 30, 51, 77, 86, 71, 88, 62, 67
  721, 15, 85, 57, 33, 82, 75, 84, 55, 57
 3123, 14, 35, 64, 54, 77, 45, 73, 57, 59
  781, 18, 80, 56, 32, 85, 70, 83, 55, 54
  594, 17, 63, 78, 48, 88, 65, 89, 67, 78
 2093, 14, 26, 47, 76, 77, 65, 69, 54, 65
 2528, 78, 31, 32, 15, 76, 31, 78, 44, 32
  274, 15, 32, 54, 77, 88, 71, 79, 63, 72
  448, 16, 71, 85, 54, 80, 66, 77, 70, 84
 2908, 65, 30, 31, 14, 71, 31, 70, 39, 31
 2973, 13, 29, 57, 68, 85, 52, 88, 58, 60
 2953, 16, 45, 67, 47, 76, 50, 72, 60, 66
  852, 13, 30, 64, 74, 81, 51, 75, 60, 62
 2612, 17, 57, 64, 40, 77, 51, 67, 58, 67
 2159, 16, 69, 45, 28, 77, 69, 83, 53, 46
  534, 19, 80, 57, 36, 83, 75, 79, 61, 62
  504, 14, 30, 51, 71, 85, 68, 76, 65, 69
 2776, 14, 69, 50, 27, 75, 60, 71, 50, 48
 2662, 14, 30, 54, 61, 80, 45, 73, 56, 59
  853, 18, 47, 75, 67, 85, 61, 74, 62, 76
 3081, 13, 72, 47, 28, 79, 58, 80, 50, 50
  320, 16, 30, 54, 75, 95, 75, 87, 65, 67
 3035, 13, 32, 59, 71, 86, 50, 80, 66, 61
  825, 15, 80, 50, 31, 80, 65, 70, 63, 53
 2802, 15, 47, 75, 50, 86, 51, 80, 61, 70
 2289, 13, 67, 49, 30, 71, 60, 73, 50, 51
 3131, 15, 29, 49, 61, 85, 48, 86, 53, 56
 2783, 15, 39, 71, 61, 78, 49, 77, 58, 68
 2918, 13, 69, 43, 28, 80, 64, 76, 49, 52
  596, 16, 66, 80, 52, 72, 67, 69, 67, 80
  114, 18, 88, 57, 33, 75, 83, 79, 67, 59
  631, 18, 66, 77, 50, 89, 60, 89, 66, 79
 2558, 16, 48, 69, 51, 78, 51, 80, 64, 74
 2605, 16, 38, 68, 55, 88, 49, 77, 56, 65
 2161, 13, 74, 48, 28, 79, 65, 73, 54, 54
 2544, 16, 78, 55, 34, 82, 67, 85, 57, 58
 2686, 13, 67, 47, 29, 82, 57, 82, 51, 49
 2893, 13, 74, 46, 28, 80, 61, 81, 52, 51
 2371, 16, 29, 60, 70, 77, 50, 75, 60, 61
  157, 17, 74, 49, 30, 75, 60, 74, 57, 55
 2313, 15, 65, 75, 46, 80, 58, 73, 61, 72
 3022, 16, 53, 77, 49, 80, 53, 75, 68, 75
  769, 14, 31, 64, 73, 92, 57, 78, 67, 69
 2871, 16, 71, 47, 30, 84, 51, 76, 48, 48
 2478, 14, 31, 64, 78, 91, 53, 85, 64, 71
  496, 16, 62, 75, 45, 83, 56, 83, 68, 74
   28, 18, 44, 84, 70, 82, 69, 87, 68, 78
 2886, 71, 31, 29, 14, 64, 28, 62, 45, 30
  338, 18, 87, 58, 57, 87, 73, 77, 67, 58
 3017, 83, 32, 32, 16, 69, 34, 70, 47, 35
   10, 16, 84, 55, 35, 79, 81, 76, 61, 60
  703, 15, 35, 76, 90, 88, 63, 82, 71, 80
 2799, 14, 67, 49, 30, 72, 61, 73, 48, 49
 2129, 13, 50, 62, 35, 76, 46, 75, 58, 62
 3145, 17, 47, 72, 50, 81, 53, 77, 68, 77
  362, 15, 34, 72, 87, 91, 61, 86, 67, 82
  370, 73, 33, 33, 17, 70, 31, 74, 47, 31
  308, 18, 56, 83, 54, 84, 55, 79, 63, 76
 2115, 16, 78, 55, 31, 87, 68, 87, 53, 55
 3064, 14, 39, 62, 39, 76, 42, 67, 54, 62
 2229, 13, 27, 55, 67, 88, 54, 87, 58, 63
 2700, 13, 39, 63, 46, 76, 45, 74, 53, 64
   61, 17, 80, 54, 33, 89, 71, 88, 57, 64
   59, 18, 85, 57, 33, 85, 76, 85, 62, 62
   91, 16, 30, 63, 74, 89, 52, 78, 64, 72
 3016, 17, 32, 59, 86, 85, 79, 81, 74, 77
  420, 78, 36, 34, 18, 67, 34, 66, 51, 33
 2879, 15, 36, 62, 55, 82, 48, 83, 56, 64
 2203, 13, 73, 48, 31, 81, 65, 83, 58, 51
  478, 14, 73, 53, 34, 86, 73, 88, 59, 56
  827, 15, 68, 46, 28, 84, 64, 75, 47, 47
 2950, 16, 27, 49, 76, 78, 65, 76, 61, 67
  783, 17, 82, 55, 33, 82, 79, 79, 58, 58
  657, 17, 30, 69, 79, 83, 57, 76, 64, 70
   73, 17, 68, 81, 46, 85, 55, 91, 69, 75
  310, 15, 63, 72, 44, 80, 57, 76, 61, 73
 2119, 15, 69, 50, 29, 80, 60, 76, 47, 50
 2279, 13, 29, 51, 63, 90, 48, 78, 56, 57
   30, 18, 46, 78, 67, 80, 53, 72, 62, 79
 3134, 15, 64, 43, 25, 72, 55, 78, 45, 43
 3121, 13, 36, 69, 60, 80, 51, 78, 55, 64
 2117, 15, 68, 49, 48, 87, 59, 83, 49, 49
 2213, 13, 60, 70, 39, 84, 50, 76, 55, 72
  263, 15, 30, 67, 77, 87, 54, 79, 59, 73
 2825, 15, 73, 48, 34, 79, 64, 78, 56, 52
 2867, 16, 72, 50, 32, 87, 65, 84, 52, 54
  831, 16, 69, 46, 29, 83, 56, 79, 43, 49
  191, 15, 72, 49, 29, 84, 73, 81, 59, 54
 3127, 15, 65, 47, 30, 75, 54, 68, 48, 51
 2947, 14, 29, 43, 68, 77, 63, 67, 56, 58
 2949, 16, 28, 61, 72, 84, 55, 78, 58, 56
 2789, 16, 31, 56, 81, 91, 73, 83, 69, 75
 2846, 15, 73, 50, 32, 75, 65, 77, 55, 51
  233, 68, 31, 33, 16, 75, 31, 81, 42, 32
  855, 14, 32, 53, 85, 80, 68, 73, 62, 74
 2862, 14, 30, 66, 77, 84, 56, 80, 63, 66
 3041, 15, 84, 57, 35, 84, 71, 82, 61, 63
  655, 17, 32, 63, 75, 80, 57, 75, 62, 63
 2295, 16, 77, 51, 31, 83, 64, 79, 50, 52
 2937, 15, 66, 42, 27, 75, 56, 73, 43, 49
  480, 17, 78, 54, 33, 86, 69, 86, 58, 55
 2800, 14, 71, 47, 31, 70, 68, 71, 54, 50
  235, 68, 33, 29, 15, 72, 32, 74, 44, 34
  560, 18, 32, 57, 98, 86, 90, 84, 86, 85
 3026, 13, 75, 48, 29, 74, 70, 72, 53, 55
 2147, 66, 30, 31, 14, 69, 30, 66, 38, 30
 2051, 73, 30, 28, 15, 67, 25, 62, 40, 29
 2365, 15, 45, 68, 49, 87, 51, 81, 59, 74
  382, 17, 75, 54, 30, 80, 68, 79, 60, 55
 3147, 17, 68, 47, 31, 76, 65, 72, 51, 48
  364, 19, 34, 75, 88, 96, 69, 90, 71, 75
 2576, 73, 29, 30, 17, 70, 31, 63, 40, 28
 2746, 15, 50, 77, 49, 84, 53, 91, 63, 71
 3045, 15, 79, 53, 55, 79, 62, 77, 52, 58
 2185, 13, 32, 52, 75, 84, 65, 91, 63, 67
 2874, 15, 70, 42, 51, 68, 58, 63, 54, 45
 2611, 16, 30, 61, 74, 88, 58, 78, 64, 64
 2091, 12, 27, 63, 70, 85, 49, 79, 53, 63
  251, 17, 71, 46, 31, 81, 63, 79, 51, 51
  757, 85, 31, 30, 18, 60, 32, 62, 48, 32
 3033, 16, 82, 55, 32, 79, 72, 75, 55, 57
 3077, 16, 29, 48, 72, 76, 60, 68, 61, 61
  221, 15, 42, 79, 68, 86, 59, 85, 60, 80
  741, 17, 71, 85, 46, 80, 55, 80, 66, 78
 2793, 71, 31, 30, 17, 72, 28, 70, 41, 31
  400, 16, 65, 75, 45, 80, 53, 87, 69, 81
 2801, 15, 78, 52, 31, 84, 62, 83, 52, 54
 2633, 15, 73, 44, 31, 81, 60, 79, 54, 47
 3103, 15, 69, 45, 29, 73, 67, 85, 47, 51
 3038, 15, 67, 79, 44, 78, 60, 85, 72, 74
  326, 88, 33, 34, 19, 71, 33, 71, 49, 35
 3102, 14, 45, 65, 44, 75, 52, 79, 64, 59
 2840, 78, 29, 29, 15, 72, 31, 72, 44, 31
  205, 18, 83, 54, 31, 83, 68, 80, 55, 57
  745, 17, 65, 77, 49, 84, 62, 84, 69, 78
 3112, 13, 39, 70, 62, 85, 52, 84, 62, 66
 2572, 16, 33, 66, 76, 91, 53, 91, 63, 66
  137, 17, 31, 72, 87, 92, 63, 89, 74, 77
  139, 73, 29, 29, 16, 72, 30, 69, 45, 33
 2999, 17, 94, 60, 33, 81, 82, 88, 61, 67
 2997, 17, 78, 88, 51, 87, 65, 93, 79, 87
  129, 17, 57, 70, 41, 84, 56, 88, 66, 72
  763, 16, 74, 49, 34, 82, 68, 75, 60, 57
 3067, 12, 25, 56, 66, 82, 49, 79, 55, 59
 2651, 16, 42, 69, 45, 84, 47, 76, 54, 66
