PLAYERNUMBER,KEEPING,TACKLING,PASSING,SHOOTING,PACE,HEADING,STAMINA,SETPIECES,BALLCONTROL
  636, 67, 31, 33, 18, 62, 34, 52, 46, 34
  533, 83, 33, 35, 15, 74, 34, 69, 48, 34
  714, 16, 63, 49, 32, 83, 62, 78, 55, 51
   60, 14, 76, 56, 31, 82, 79, 84, 58, 57
  767, 15, 33, 48, 65, 84, 64, 77, 58, 59
 1052, 14, 27, 47, 72, 75, 59, 68, 56, 60
  623, 15, 62, 71, 42, 81, 51, 82, 60, 64
 1090, 70, 29, 31, 16, 70, 31, 67, 41, 33
  197, 16, 65, 93, 61, 83, 58, 83, 74, 80
 1130, 14, 41, 66, 51, 84, 49, 75, 64, 67
  267, 15, 97, 59, 37, 74, 90, 68, 59, 85
  990, 72, 31, 28, 16, 74, 29, 73, 40, 31
  912, 18, 57, 91, 61, 88, 64, 82, 77, 92
  795, 19, 54, 78, 57, 82, 58, 78, 69, 79
  220, 16, 41, 78, 68, 77, 56, 72, 61, 75
  164, 19, 81, 90, 51, 86, 70, 84, 77, 85
 1053, 13, 28, 51, 60, 84, 47, 79, 61, 62
  217, 16, 61, 72, 44, 83, 55, 85, 66, 70
 1091, 14, 68, 45, 30, 84, 68, 86, 50, 55
  338, 18, 33, 78, 89, 90, 58, 92, 65, 73
  333, 19, 65, 83, 57, 85, 57, 84, 75, 78
  728, 14, 30, 48, 64, 85, 60, 78, 58, 58
  910, 82, 33, 33, 17, 74, 35, 74, 46, 35
  521, 16, 57, 64, 43, 85, 52, 84, 63, 69
   87, 18, 50, 71, 52, 89, 46, 91, 65, 71
  863, 18, 61, 90, 60, 75, 65, 76, 70, 85
  864, 18, 56, 83, 56, 85, 63, 81, 73, 84
  316, 20, 32, 74, 85, 92, 61, 87, 73, 80
  149, 19, 37, 66, 89, 95, 82, 92, 73, 84
  819, 16, 51, 79, 59, 83, 56, 80, 71, 78
   55, 20, 35, 55, 86, 78, 80, 77, 70, 69
 1117, 13, 64, 41, 29, 78, 65, 73, 43, 48
  175, 16, 70, 49, 52, 81, 63, 74, 52, 55
 1054, 15, 65, 45, 31, 76, 61, 71, 48, 49
   38, 89, 34, 36, 17, 69, 36, 67, 45, 31
 1105, 14, 45, 66, 46, 86, 46, 87, 61, 63
  229, 17, 91, 57, 34, 79, 83, 74, 64, 60
  880, 17, 61, 84, 59, 81, 65, 74, 76, 84
 1136, 61, 28, 31, 16, 69, 30, 63, 39, 31
  715, 15, 70, 50, 29, 80, 65, 80, 55, 53
 1055, 59, 30, 30, 16, 70, 32, 67, 41, 29
  800, 15, 32, 54, 75, 87, 73, 73, 72, 71
 1140, 16, 66, 45, 29, 83, 59, 82, 48, 50
 1042, 17, 75, 51, 33, 80, 67, 76, 57, 55
  801, 18, 34, 57, 77, 88, 75, 92, 69, 70
  687, 18, 31, 62, 74, 82, 52, 78, 63, 63
  244, 19, 34, 62, 90, 93, 79, 84, 70, 81
 1011, 67, 33, 33, 16, 66, 32, 61, 39, 32
  702, 17, 51, 80, 50, 81, 58, 77, 66, 75
  188, 17, 33, 52, 80, 91, 66, 82, 62, 67
  618, 17, 68, 50, 30, 80, 64, 76, 55, 54
  211, 15, 87, 56, 35, 82, 82, 83, 64, 62
  199, 19, 33, 77, 89, 92, 57, 91, 68, 75
  419, 16, 63, 46, 30, 79, 61, 79, 49, 50
  314, 16, 58, 82, 59, 87, 64, 94, 71, 82
  234, 17, 65, 88, 68, 89, 69, 90, 71, 85
   53, 17, 38, 82, 93, 85, 61, 70, 87, 89
  279, 21, 33, 62, 89, 84, 76, 73, 71, 85
 1021, 16, 51, 72, 50, 85, 52, 79, 62, 73
   77, 18, 80, 57, 33, 76, 78, 62, 58, 55
  212, 14, 78, 48, 32, 85, 68, 82, 60, 52
  899, 76, 35, 34, 17, 73, 33, 75, 47, 34
  284, 17, 83, 57, 61, 84, 69, 78, 62, 63
  672, 70, 32, 35, 15, 69, 33, 63, 45, 33
  854, 82, 34, 36, 17, 66, 35, 55, 52, 37
  733, 72, 33, 31, 15, 76, 33, 77, 48, 33
   70, 16, 53, 80, 54, 82, 55, 90, 71, 81
 1118, 16, 28, 56, 66, 85, 46, 74, 62, 58
   68, 16, 45, 82, 66, 83, 56, 84, 64, 80
  329, 17, 62, 90, 61, 85, 66, 85, 73, 90
  976, 16, 73, 49, 30, 78, 64, 70, 53, 53
  925, 18, 33, 60, 88, 92, 79, 85, 71, 75
  108, 19, 34, 65, 98, 88, 90, 88, 75, 90
  752, 69, 30, 32, 15, 72, 32, 69, 44, 30
 1119, 17, 63, 47, 28, 80, 64, 82, 46, 50
  611, 15, 29, 48, 66, 75, 65, 64, 61, 60
  324, 18, 78, 56, 54, 81, 73, 76, 56, 62
 1051, 69, 32, 34, 16, 74, 33, 70, 44, 31
  953, 17, 70, 52, 33, 80, 66, 79, 56, 55
 1179, 15, 51, 68, 46, 84, 53, 85, 64, 71
 1150, 15, 40, 66, 53, 84, 48, 80, 58, 64
  222, 17, 34, 71, 80, 89, 53, 85, 62, 68
  174, 15, 78, 54, 32, 86, 67, 80, 60, 55
  847, 17, 30, 55, 78, 88, 71, 84, 66, 71
  322, 15, 84, 51, 34, 86, 77, 83, 58, 58
  866, 17, 81, 59, 35, 81, 75, 73, 60, 61
  227, 18, 91, 60, 63, 84, 72, 76, 63, 66
  991, 64, 31, 31, 15, 75, 32, 71, 44, 31
  992, 16, 30, 57, 71, 84, 55, 81, 60, 65
  624, 16, 57, 68, 43, 75, 54, 67, 63, 68
  112, 18, 96, 58, 38, 77, 81, 67, 65, 65
  583, 15, 51, 69, 54, 86, 57, 86, 64, 71
  833, 18, 54, 79, 57, 83, 61, 82, 70, 77
  632, 17, 31, 47, 70, 82, 61, 79, 59, 65
  637, 69, 31, 32, 14, 68, 32, 63, 42, 31
  303, 17, 84, 55, 36, 85, 74, 82, 64, 64
   99, 16, 84, 62, 61, 88, 74, 79, 64, 65
   79, 15, 70, 52, 34, 79, 67, 74, 55, 50
  478, 17, 45, 73, 65, 84, 55, 81, 67, 71
  892, 78, 33, 32, 15, 73, 35, 74, 48, 34
   62, 16, 82, 61, 35, 79, 74, 72, 61, 64
  452, 15, 53, 73, 54, 80, 58, 77, 65, 71
 1056, 16, 42, 71, 45, 76, 47, 69, 58, 69
  736, 14, 65, 46, 44, 78, 65, 70, 52, 52
  529, 16, 31, 62, 71, 83, 54, 80, 62, 62
   78, 15, 80, 56, 33, 80, 70, 73, 61, 58
  319, 19, 33, 58, 90, 77, 80, 78, 69, 72
  103, 19, 78, 89, 48, 81, 63, 84, 75, 85
 1143, 72, 31, 29, 16, 72, 31, 65, 40, 30
  768, 16, 36, 66, 80, 89, 61, 85, 73, 73
  139, 20, 88, 63, 63, 92, 77, 87, 65, 66
  884, 19, 60, 82, 63, 84, 62, 86, 71, 78
  913, 19, 57, 83, 56, 82, 64, 79, 74, 83
   88, 18, 58, 78, 55, 79, 61, 72, 67, 80
 1030, 14, 30, 59, 68, 81, 50, 75, 59, 62
  788, 16, 60, 88, 70, 87, 67, 82, 79, 93
  967, 17, 75, 54, 31, 78, 69, 70, 57, 56
  201, 19, 51, 91, 80, 82, 63, 76, 69, 87
 1092, 17, 70, 49, 31, 78, 69, 75, 48, 55
  786, 80, 32, 30, 17, 60, 35, 54, 43, 35
  294, 17, 62, 90, 57, 83, 67, 83, 72, 90
  170, 20, 35, 63, 91, 94, 82, 85, 72, 83
  837, 14, 76, 56, 32, 83, 72, 80, 50, 55
  954, 14, 46, 72, 47, 84, 57, 89, 67, 72
 1045, 17, 52, 74, 56, 84, 55, 86, 68, 74
    6, 16, 65, 76, 45, 77, 55, 71, 68, 75
  723, 15, 41, 66, 56, 75, 51, 68, 62, 67
   72, 19, 31, 53, 76, 79, 76, 79, 63, 70
  502, 16, 49, 73, 53, 74, 56, 65, 66, 70
  935, 15, 51, 78, 54, 83, 59, 72, 70, 80
   89, 17, 46, 82, 71, 85, 60, 83, 68, 84
  695, 16, 75, 54, 34, 83, 68, 80, 55, 58
  594, 72, 33, 31, 15, 66, 33, 54, 43, 32
 1151, 12, 28, 47, 70, 84, 63, 82, 59, 59
 1178, 17, 53, 70, 49, 76, 52, 66, 62, 68
  724, 16, 45, 70, 45, 84, 50, 85, 60, 59
  772, 18, 82, 56, 34, 79, 76, 80, 58, 60
 1176, 17, 54, 75, 48, 81, 51, 80, 58, 71
 1093, 15, 53, 64, 48, 83, 57, 76, 56, 69
 1094, 14, 49, 71, 50, 86, 53, 84, 64, 71
  703, 17, 74, 84, 46, 83, 56, 83, 68, 73
  681, 16, 62, 74, 47, 80, 57, 77, 65, 67
  747, 16, 34, 63, 72, 84, 55, 80, 66, 66
   27, 16, 55, 77, 54, 87, 58, 80, 66, 80
 1160, 13, 47, 66, 44, 85, 50, 75, 58, 59
 1044, 16, 54, 77, 52, 84, 55, 83, 68, 78
  737, 16, 71, 53, 33, 82, 69, 80, 54, 56
  320, 89, 33, 34, 15, 67, 34, 65, 43, 33
 1081, 15, 34, 66, 74, 82, 56, 75, 69, 69
 1169, 14, 47, 76, 53, 83, 53, 81, 63, 69
  773, 76, 35, 34, 17, 73, 34, 75, 48, 33
  878, 17, 34, 51, 74, 85, 68, 80, 66, 68
  694, 76, 34, 34, 16, 71, 33, 66, 43, 34
  225, 91, 38, 35, 18, 73, 38, 70, 53, 34
  626, 18, 46, 76, 66, 82, 57, 79, 70, 75
  993, 15, 47, 72, 51, 83, 53, 76, 61, 69
 1031, 13, 66, 44, 30, 77, 67, 72, 48, 49
  259, 15, 48, 75, 66, 82, 59, 79, 69, 78
   18, 17, 33, 52, 78, 84, 71, 81, 61, 69
  265, 18, 90, 59, 61, 85, 80, 82, 62, 85
  638, 18, 76, 56, 32, 78, 69, 72, 54, 57
  304, 17, 85, 56, 34, 74, 85, 70, 63, 65
  804, 16, 89, 61, 38, 79, 83, 84, 68, 67
  936, 15, 55, 76, 53, 80, 56, 74, 69, 78
  612, 15, 31, 50, 70, 88, 66, 86, 62, 64
 1159, 14, 45, 67, 46, 79, 50, 78, 58, 64
  920, 78, 34, 36, 16, 74, 36, 67, 51, 36
 1183, 14, 71, 48, 32, 81, 69, 75, 48, 53
  824, 17, 51, 78, 57, 85, 55, 83, 71, 84
  668, 15, 31, 52, 72, 87, 63, 85, 66, 69
  353, 17, 50, 74, 52, 85, 55, 82, 69, 75
  549, 14, 29, 58, 68, 86, 54, 85, 64, 62
  266, 19, 90, 59, 59, 89, 77, 83, 62, 62
  597, 16, 69, 50, 34, 82, 66, 77, 54, 52
  230, 19, 96, 62, 37, 88, 85, 86, 66, 63
  453, 14, 45, 73, 62, 76, 55, 68, 68, 72
   91, 20, 33, 54, 89, 85, 70, 81, 62, 77
   16, 16, 59, 84, 53, 81, 63, 73, 64, 80
 1069, 16, 32, 59, 72, 86, 54, 86, 66, 64
  977, 18, 51, 71, 51, 82, 51, 81, 60, 72
  196, 15, 83, 53, 57, 88, 73, 88, 61, 60
  955, 15, 52, 70, 51, 86, 50, 82, 63, 73
   40, 16, 75, 53, 50, 80, 64, 66, 55, 57
  707, 15, 35, 69, 80, 84, 62, 84, 66, 70
    4, 17, 82, 54, 32, 74, 72, 69, 58, 60
  390, 16, 32, 65, 73, 84, 57, 77, 70, 67
 1120, 16, 51, 70, 45, 86, 51, 73, 54, 61
 1022, 16, 73, 46, 32, 81, 62, 81, 55, 52
  182, 17, 54, 75, 54, 85, 52, 85, 67, 75
  627, 17, 48, 65, 49, 82, 54, 77, 62, 68
  692, 75, 31, 34, 16, 73, 31, 68, 44, 32
  287, 19, 83, 59, 33, 86, 77, 86, 63, 60
 1137, 14, 66, 41, 30, 82, 60, 78, 45, 48
  536, 15, 72, 51, 32, 80, 64, 79, 54, 54
  916, 16, 35, 68, 79, 89, 60, 84, 73, 72
   35, 18, 74, 55, 54, 83, 65, 75, 55, 62
  125, 19, 70, 88, 63, 81, 64, 85, 80, 85
 1032, 15, 48, 67, 48, 78, 50, 78, 59, 72
  994, 16, 52, 71, 50, 86, 54, 82, 59, 68
  755, 16, 64, 45, 30, 76, 56, 73, 46, 50
  384, 16, 54, 73, 52, 82, 58, 77, 67, 71
 1023, 68, 34, 33, 16, 73, 30, 73, 42, 30
 1155, 16, 45, 67, 48, 80, 53, 81, 57, 59
 1033, 13, 71, 48, 48, 84, 67, 75, 47, 52
  372, 18, 74, 54, 32, 85, 70, 85, 60, 57
  436, 17, 32, 50, 73, 84, 65, 78, 63, 63
  340, 70, 32, 31, 15, 70, 30, 62, 42, 32
  639, 16, 73, 49, 30, 79, 65, 72, 55, 55
  640, 15, 72, 47, 53, 85, 64, 83, 55, 54
 1049, 18, 68, 54, 31, 81, 69, 79, 51, 55
  485, 15, 32, 63, 77, 83, 60, 85, 68, 65
  802, 18, 36, 59, 73, 88, 59, 86, 67, 70
  242, 19, 35, 60, 96, 91, 76, 84, 69, 77
  919, 84, 36, 34, 19, 72, 36, 67, 52, 35
  598, 16, 70, 52, 32, 78, 65, 75, 56, 57
 1024, 17, 33, 60, 72, 81, 53, 77, 63, 68
  937, 74, 33, 32, 18, 72, 32, 66, 45, 32
 1070, 14, 49, 72, 52, 83, 50, 82, 65, 78
 1161, 14, 48, 67, 47, 78, 51, 76, 62, 65
 1050, 16, 72, 54, 34, 81, 66, 77, 56, 57
  696, 18, 76, 52, 32, 84, 69, 83, 56, 55
 1071, 15, 56, 68, 51, 81, 54, 83, 60, 73
  543, 15, 51, 71, 50, 86, 52, 82, 64, 68
  321, 18, 79, 58, 55, 86, 73, 83, 62, 61
  105, 16, 67, 82, 50, 84, 60, 89, 76, 84
  530, 16, 31, 51, 72, 89, 65, 88, 67, 67
 1184, 15, 47, 70, 51, 85, 49, 73, 60, 74
 1129, 15, 47, 66, 47, 89, 45, 77, 62, 65
 1121, 17, 63, 45, 30, 81, 60, 80, 51, 49
  927, 17, 32, 63, 78, 86, 58, 73, 69, 68
  995, 65, 30, 31, 14, 73, 32, 74, 41, 32
  575, 17, 74, 53, 31, 83, 63, 80, 55, 53
  118, 19, 94, 59, 35, 81, 79, 81, 65, 63
  760, 15, 44, 72, 62, 84, 54, 79, 65, 70
 1057, 15, 31, 54, 67, 78, 50, 86, 57, 61
  697, 15, 73, 54, 54, 81, 66, 77, 56, 57
 1138, 15, 63, 48, 30, 82, 65, 79, 50, 45
  850, 19, 55, 91, 62, 86, 64, 83, 82, 87
  855, 85, 38, 34, 20, 74, 35, 70, 54, 34
  142, 21, 66, 90, 67, 84, 69, 79, 76, 89
  327, 18, 80, 51, 31, 83, 71, 89, 64, 55
  421, 16, 72, 52, 34, 82, 66, 76, 54, 56
  923, 17, 58, 82, 57, 82, 63, 76, 74, 83
  184, 17, 56, 70, 48, 87, 54, 84, 68, 68
 1006, 68, 32, 33, 17, 70, 31, 67, 47, 32
  996, 17, 69, 50, 32, 78, 65, 73, 53, 54
  914, 17, 54, 80, 57, 90, 57, 82, 79, 85
  997, 14, 52, 68, 52, 82, 55, 80, 62, 76
  761, 16, 57, 64, 42, 79, 52, 75, 64, 70
 1095, 16, 31, 61, 69, 87, 57, 82, 61, 65
  998, 16, 49, 72, 47, 82, 50, 77, 61, 69
  832, 72, 31, 35, 18, 73, 32, 69, 47, 33
  438, 16, 33, 49, 68, 87, 61, 85, 66, 66
  748, 18, 32, 52, 73, 84, 67, 79, 65, 66
  193, 18, 95, 54, 36, 83, 77, 77, 61, 61
  816, 20, 35, 70, 86, 83, 66, 79, 76, 76
  856, 19, 89, 56, 34, 85, 87, 78, 58, 60
  968, 14, 51, 75, 56, 84, 54, 84, 72, 80
  241, 17, 33, 61, 90, 89, 80, 91, 68, 76
  999, 16, 47, 70, 45, 79, 54, 79, 59, 69
   80, 17, 80, 55, 56, 82, 70, 77, 61, 55
  235, 17, 56, 75, 51, 76, 53, 70, 73, 75
   48, 15, 59, 75, 56, 83, 57, 85, 71, 78
  406, 16, 49, 71, 50, 84, 55, 79, 64, 70
  544, 16, 56, 64, 41, 85, 52, 83, 59, 64
  194, 17, 90, 63, 37, 79, 76, 71, 75, 75
  584, 18, 44, 76, 63, 81, 55, 77, 68, 73
  675, 15, 67, 54, 33, 81, 64, 82, 56, 57
  794, 19, 79, 55, 34, 84, 72, 82, 61, 58
  619, 15, 64, 48, 32, 77, 62, 72, 52, 51
  422, 15, 74, 50, 30, 78, 63, 72, 54, 56
  423, 15, 73, 50, 30, 79, 65, 79, 53, 57
  307, 19, 85, 58, 60, 78, 73, 78, 65, 64
  805, 17, 63, 88, 67, 88, 68, 90, 81, 92
 1014, 17, 53, 73, 54, 79, 55, 77, 67, 73
  738, 17, 77, 53, 33, 82, 70, 81, 60, 57
  921, 19, 59, 85, 59, 82, 65, 78, 75, 83
  896, 14, 74, 55, 32, 84, 69, 80, 58, 61
 1034, 15, 75, 50, 32, 82, 66, 79, 49, 49
  146, 20, 67, 96, 63, 92, 75, 93, 90, 90
   31, 18, 59, 79, 56, 82, 55, 87, 69, 80
  688, 18, 35, 61, 72, 83, 58, 83, 66, 66
  562, 15, 54, 76, 53, 85, 59, 84, 70, 77
  848, 16, 33, 59, 72, 86, 57, 86, 66, 69
  851, 18, 50, 93, 82, 83, 60, 79, 80, 95
 1096, 16, 44, 69, 51, 85, 53, 85, 62, 70
  385, 17, 66, 76, 45, 80, 59, 76, 70, 75
  725, 17, 64, 72, 41, 76, 52, 74, 65, 66
   22, 15, 79, 59, 33, 85, 72, 81, 59, 63
  785, 83, 36, 36, 20, 75, 38, 71, 53, 37
  769, 14, 33, 51, 72, 76, 66, 67, 60, 58
  573, 77, 35, 32, 18, 72, 31, 65, 47, 33
 1000, 16, 50, 76, 54, 81, 50, 75, 65, 69
  793, 17, 74, 57, 31, 82, 71, 85, 57, 59
  676, 17, 67, 52, 34, 81, 71, 78, 60, 56
  148, 18, 39, 79, 96, 94, 88, 92, 90, 86
  282, 20, 37, 77, 89, 91, 68, 88, 73, 76
 1035, 14, 54, 69, 53, 77, 48, 72, 64, 69
  645, 16, 64, 72, 44, 85, 57, 87, 67, 72
  248, 14, 82, 52, 32, 80, 75, 77, 62, 54
  143, 20, 77, 92, 54, 82, 66, 82, 81, 88
  717, 15, 64, 49, 32, 77, 62, 74, 50, 50
  271, 17, 64, 94, 65, 79, 67, 81, 73, 84
  328, 18, 67, 80, 48, 77, 59, 75, 72, 80
  273, 15, 57, 83, 61, 83, 59, 83, 73, 82
  615, 17, 31, 50, 73, 83, 61, 74, 62, 60
  141, 20, 63, 97, 62, 84, 65, 80, 73, 87
  841, 17, 33, 64, 77, 86, 55, 86, 71, 72
  956, 17, 50, 73, 48, 87, 52, 82, 67, 71
  337, 17, 31, 58, 82, 90, 67, 91, 62, 75
 1181, 64, 32, 30, 14, 71, 33, 63, 42, 31
  445, 15, 59, 45, 29, 83, 60, 81, 52, 49
  658, 18, 69, 54, 49, 83, 67, 82, 54, 58
 1072, 17, 32, 61, 75, 90, 55, 87, 64, 67
  689, 18, 32, 54, 75, 87, 71, 82, 69, 69
   61, 16, 69, 78, 46, 80, 58, 76, 69, 76
  325, 15, 82, 53, 33, 79, 76, 80, 60, 58
 1046, 17, 75, 52, 31, 81, 73, 83, 53, 52
  657, 15, 73, 55, 33, 83, 71, 82, 61, 56
  137, 19, 93, 69, 62, 78, 84, 78, 68, 68
  263, 19, 33, 53, 78, 87, 68, 87, 71, 65
  121, 21, 37, 75, 90, 86, 65, 75, 74, 82
  489, 73, 32, 31, 16, 74, 30, 76, 43, 31
  574, 68, 34, 34, 17, 73, 33, 68, 45, 33
  459, 15, 31, 53, 72, 88, 68, 84, 68, 66
  857, 16, 85, 60, 34, 78, 75, 71, 67, 67
  203, 16, 49, 83, 68, 75, 59, 68, 65, 88
   64, 16, 46, 82, 72, 83, 58, 83, 65, 81
  938, 16, 44, 76, 63, 77, 60, 83, 67, 76
  861, 18, 40, 73, 87, 88, 59, 88, 77, 81
  969, 17, 51, 71, 51, 89, 54, 85, 64, 70
  889, 16, 34, 69, 78, 82, 63, 86, 72, 76
    7, 14, 78, 55, 51, 81, 67, 80, 58, 57
 1025, 15, 53, 71, 47, 86, 51, 84, 66, 73
  546, 14, 41, 64, 53, 84, 55, 80, 61, 66
  879, 17, 34, 54, 74, 86, 66, 80, 69, 68
  776, 19, 53, 82, 56, 81, 65, 74, 72, 85
   90, 17, 33, 79, 92, 86, 63, 80, 73, 80
 1017, 16, 32, 60, 72, 90, 54, 82, 64, 66
  605, 16, 43, 72, 61, 81, 56, 75, 64, 72
  970, 15, 31, 61, 75, 82, 55, 75, 69, 67
 1153, 62, 28, 28, 15, 66, 29, 58, 40, 29
  900, 14, 73, 54, 32, 80, 73, 79, 54, 60
 1147, 12, 48, 65, 46, 76, 49, 68, 59, 71
  901, 18, 75, 55, 33, 76, 70, 73, 58, 60
 1008, 17, 73, 50, 50, 84, 67, 78, 52, 58
 1073, 17, 32, 59, 69, 86, 53, 84, 61, 67
   95, 16, 83, 60, 37, 84, 74, 86, 64, 60
  558, 14, 71, 50, 33, 82, 63, 80, 53, 54
 1097, 17, 70, 45, 30, 78, 68, 78, 50, 53
 1082, 18, 78, 48, 33, 81, 72, 78, 49, 58
  155, 19, 85, 65, 57, 88, 78, 83, 66, 64
 1185, 17, 43, 69, 48, 79, 48, 68, 65, 73
 1162, 15, 44, 67, 46, 72, 52, 71, 54, 63
  537, 14, 67, 48, 45, 81, 64, 80, 52, 55
  708, 17, 33, 51, 76, 85, 66, 80, 67, 69
  677, 17, 75, 53, 51, 76, 69, 70, 59, 60
  978, 16, 49, 72, 50, 82, 50, 84, 62, 74
  762, 15, 51, 69, 47, 82, 53, 75, 64, 71
  494, 15, 71, 54, 53, 73, 62, 73, 58, 57
  283, 89, 33, 36, 17, 66, 36, 58, 48, 34
  704, 16, 51, 77, 54, 77, 55, 73, 67, 73
   86, 18, 73, 82, 50, 85, 58, 93, 71, 80
   67, 14, 58, 75, 54, 90, 50, 87, 67, 76
   66, 15, 82, 54, 57, 88, 63, 87, 56, 58
  739, 17, 64, 50, 43, 76, 58, 72, 50, 52
  682, 15, 53, 70, 56, 85, 57, 87, 63, 74
  232, 16, 62, 92, 62, 86, 63, 85, 75, 86
 1163, 62, 29, 32, 16, 68, 28, 64, 40, 28
   94, 82, 32, 31, 17, 68, 33, 68, 40, 34
  730, 16, 30, 55, 65, 77, 48, 66, 60, 60
   98, 18, 89, 59, 35, 77, 79, 74, 64, 63
  897, 16, 54, 78, 55, 83, 59, 78, 70, 79
  365, 16, 35, 75, 85, 89, 64, 88, 74, 73
 1116, 15, 46, 60, 47, 86, 45, 79, 54, 64
  709, 17, 31, 62, 72, 82, 53, 79, 65, 63
    5, 16, 72, 48, 49, 91, 62, 82, 55, 54
  150, 18, 36, 67, 98, 94, 88, 80, 76, 88
    1, 86, 33, 32, 15, 69, 34, 61, 48, 33
   54, 16, 38, 75, 85, 82, 64, 79, 65, 70
  292, 16, 75, 85, 49, 81, 63, 77, 74, 84
  481, 18, 59, 72, 44, 85, 55, 82, 66, 71
  678, 14, 69, 50, 31, 81, 59, 80, 54, 54
  424, 15, 70, 51, 34, 81, 64, 83, 53, 53
  446, 14, 69, 49, 30, 83, 63, 81, 52, 53
  550, 16, 32, 51, 74, 88, 62, 87, 62, 66
  370, 72, 33, 34, 16, 70, 34, 65, 47, 34
  926, 18, 61, 82, 60, 82, 62, 82, 73, 84
  114, 21, 93, 64, 38, 86, 85, 85, 66, 68
  806, 83, 38, 37, 18, 72, 36, 63, 55, 38
  454, 17, 50, 68, 49, 86, 56, 83, 67, 69
 1101, 68, 31, 29, 16, 72, 29, 71, 40, 32
  679, 18, 70, 54, 32, 81, 71, 76, 57, 51
   76, 18, 78, 53, 33, 83, 71, 78, 65, 57
  911, 76, 33, 36, 19, 70, 33, 66, 51, 34
  163, 18, 62, 85, 65, 85, 63, 74, 68, 84
  620, 15, 71, 48, 53, 73, 65, 58, 54, 54
 1058, 15, 50, 64, 42, 75, 50, 57, 56, 65
 1083, 17, 50, 76, 54, 83, 53, 79, 68, 78
  113, 18, 91, 63, 37, 84, 87, 86, 68, 68
  939, 15, 33, 64, 76, 82, 58, 76, 70, 69
  844, 15, 77, 55, 35, 80, 68, 79, 59, 57
 1125, 16, 67, 42, 30, 77, 65, 69, 44, 48
  641, 18, 76, 56, 35, 74, 68, 60, 59, 57
   10, 15, 48, 80, 72, 84, 58, 79, 70, 81
  207, 19, 35, 57, 83, 85, 72, 80, 66, 73
  311, 17, 67, 83, 52, 86, 67, 90, 75, 84
   21, 17, 84, 51, 31, 78, 71, 76, 58, 56
 1059, 14, 50, 65, 47, 73, 52, 66, 57, 66
  281, 16, 34, 69, 85, 86, 64, 86, 73, 74
  606, 18, 43, 67, 55, 78, 53, 73, 67, 68
  305, 17, 87, 57, 37, 83, 74, 82, 66, 61
  774, 17, 59, 75, 56, 86, 62, 79, 68, 80
  770, 15, 31, 49, 68, 87, 62, 83, 60, 59
  663, 16, 47, 69, 54, 79, 58, 76, 67, 73
  979, 15, 55, 74, 50, 78, 54, 79, 64, 72
  508, 14, 31, 49, 70, 82, 62, 80, 60, 63
  763, 16, 48, 68, 51, 79, 51, 75, 59, 67
  903, 15, 54, 77, 56, 83, 59, 76, 68, 75
  945, 78, 33, 33, 17, 73, 34, 71, 43, 29
  312, 18, 61, 89, 60, 85, 64, 88, 79, 82
  971, 15, 51, 77, 52, 66, 55, 61, 67, 77
  906, 16, 32, 61, 72, 87, 60, 79, 64, 71
  825, 14, 51, 80, 52, 83, 58, 78, 73, 83
  872, 17, 75, 50, 32, 82, 72, 79, 51, 56
  781, 17, 54, 75, 54, 79, 57, 74, 69, 77
  238, 17, 53, 91, 80, 85, 64, 81, 75, 87
  430, 14, 59, 71, 43, 81, 53, 75, 64, 73
  890, 17, 36, 71, 85, 89, 63, 87, 74, 77
  756, 17, 70, 51, 46, 80, 65, 78, 55, 52
  218, 16, 76, 54, 31, 76, 71, 84, 55, 55
  980, 17, 50, 72, 49, 88, 57, 80, 66, 71
  159, 17, 85, 61, 62, 80, 78, 79, 65, 65
  189, 17, 53, 73, 51, 77, 60, 78, 63, 72
 1157, 14, 28, 48, 66, 86, 62, 84, 62, 57
 1060, 14, 29, 58, 67, 83, 49, 77, 59, 59
  160, 17, 83, 58, 34, 79, 73, 77, 61, 62
  373, 15, 75, 52, 33, 83, 68, 78, 57, 60
 1164, 16, 64, 45, 30, 78, 59, 75, 51, 49
  690, 16, 35, 52, 75, 81, 68, 80, 64, 67
  643, 14, 74, 50, 31, 73, 66, 67, 54, 56
  873, 16, 72, 51, 32, 83, 69, 78, 50, 56
 1126, 15, 68, 41, 31, 68, 59, 65, 45, 49
  811, 79, 36, 37, 19, 75, 35, 77, 51, 36
 1128, 14, 50, 65, 41, 82, 52, 82, 55, 66
 1165, 16, 30, 54, 61, 86, 49, 86, 56, 59
  425, 15, 72, 53, 31, 80, 66, 79, 54, 55
   36, 16, 34, 65, 80, 80, 55, 72, 63, 76
  868, 16, 56, 82, 61, 88, 65, 88, 70, 82
  589, 15, 30, 53, 74, 84, 66, 82, 65, 65
  516, 16, 71, 53, 52, 83, 64, 83, 54, 55
  860, 16, 61, 91, 63, 84, 63, 77, 70, 87
  309, 16, 82, 59, 59, 83, 71, 86, 60, 61
   73, 19, 30, 54, 83, 83, 76, 74, 62, 68
  285, 16, 83, 59, 35, 82, 74, 80, 63, 60
  743, 18, 69, 78, 45, 77, 59, 66, 68, 78
  771, 18, 33, 68, 81, 86, 61, 85, 69, 68
  185, 19, 36, 71, 87, 89, 66, 85, 76, 83
 1171, 66, 29, 31, 17, 75, 30, 71, 41, 30
 1018, 18, 34, 63, 70, 91, 57, 81, 66, 67
  817, 76, 35, 36, 15, 74, 32, 77, 46, 33
   28, 18, 58, 81, 58, 76, 64, 80, 70, 81
  517, 17, 74, 56, 50, 77, 72, 74, 58, 62
  147, 21, 37, 61, 95, 96, 84, 90, 77, 85
  783, 15, 31, 55, 75, 88, 72, 85, 67, 70
 1168, 14, 51, 69, 50, 85, 50, 79, 67, 68
  138, 18, 90, 65, 37, 85, 87, 91, 66, 66
  843, 74, 32, 32, 15, 77, 32, 74, 47, 35
  796, 17, 55, 77, 61, 83, 60, 80, 71, 79
  940, 16, 55, 75, 59, 85, 54, 84, 72, 75
  460, 14, 33, 48, 67, 88, 61, 85, 65, 62
  313, 20, 34, 75, 84, 95, 62, 88, 70, 75
  917, 17, 33, 53, 81, 87, 76, 91, 68, 70
  509, 16, 32, 68, 77, 83, 59, 76, 69, 69
  130, 19, 34, 78, 93, 91, 71, 90, 70, 84
  820, 15, 55, 82, 57, 84, 63, 86, 66, 77
  683, 18, 47, 74, 66, 84, 59, 82, 69, 75
   52, 19, 36, 61, 84, 86, 72, 75, 71, 71
  894, 92, 35, 35, 19, 64, 37, 53, 52, 34
   69, 17, 35, 63, 78, 85, 62, 88, 63, 71
   59, 15, 75, 54, 53, 86, 67, 76, 53, 59
  838, 19, 83, 53, 30, 82, 79, 77, 52, 54
  293, 18, 56, 79, 56, 83, 63, 80, 73, 79
  778, 17, 75, 53, 33, 81, 68, 79, 57, 57
  374, 16, 68, 51, 31, 80, 65, 75, 52, 55
 1037, 15, 67, 51, 32, 87, 65, 84, 49, 51
  447, 17, 64, 45, 31, 79, 63, 73, 51, 55
  946, 14, 74, 50, 51, 83, 64, 77, 50, 56
 1074, 18, 50, 73, 53, 84, 56, 77, 65, 71
  813, 17, 84, 60, 34, 79, 78, 79, 66, 63
 1173, 14, 70, 50, 32, 80, 63, 77, 55, 54
  947, 15, 75, 51, 31, 80, 69, 82, 56, 52
  865, 87, 36, 34, 17, 68, 35, 67, 47, 34
  461, 17, 33, 65, 73, 88, 56, 85, 64, 67
  710, 15, 34, 53, 76, 82, 67, 77, 67, 68
  202, 18, 46, 95, 78, 84, 68, 75, 65, 92
  882, 79, 36, 36, 18, 70, 36, 64, 52, 33
  317, 20, 33, 73, 84, 86, 59, 83, 70, 77
 1111, 17, 48, 65, 45, 72, 51, 74, 56, 65
  496, 16, 85, 60, 62, 84, 75, 82, 63, 65
  431, 14, 49, 71, 49, 84, 53, 81, 67, 71
  407, 17, 51, 65, 48, 77, 55, 70, 61, 68
 1061, 14, 48, 64, 46, 89, 48, 82, 55, 71
  981, 15, 76, 50, 30, 85, 64, 78, 54, 50
  216, 18, 62, 85, 62, 82, 64, 80, 73, 85
  386, 16, 54, 77, 55, 79, 55, 80, 66, 76
  830, 15, 78, 55, 33, 85, 71, 84, 57, 57
  154, 20, 89, 59, 35, 77, 81, 75, 65, 64
 1084, 16, 33, 66, 74, 85, 56, 78, 69, 67
  928, 14, 77, 55, 34, 77, 73, 76, 56, 58
  669, 14, 31, 64, 74, 87, 56, 85, 67, 64
 1075, 17, 30, 51, 68, 92, 71, 85, 62, 66
  171, 84, 32, 33, 15, 66, 32, 56, 44, 29
  395, 75, 34, 31, 16, 70, 34, 64, 44, 31
  779, 15, 82, 56, 31, 83, 74, 82, 51, 59
  757, 14, 64, 49, 33, 76, 62, 67, 53, 55
   82, 16, 79, 57, 57, 90, 72, 81, 61, 59
  957, 16, 31, 62, 71, 85, 54, 85, 66, 66
  335, 20, 32, 54, 79, 82, 75, 82, 62, 71
  442, 68, 32, 33, 16, 70, 31, 69, 41, 30
  740, 15, 73, 53, 32, 76, 71, 69, 56, 53
  376, 15, 71, 53, 32, 82, 66, 83, 60, 60
  818, 18, 81, 54, 33, 86, 75, 83, 56, 60
   49, 18, 64, 77, 47, 85, 59, 77, 69, 77
  200, 19, 61, 83, 59, 87, 60, 92, 74, 81
 1009, 18, 75, 51, 34, 81, 68, 77, 56, 55
 1102, 12, 65, 45, 27, 81, 60, 80, 45, 48
  192, 20, 98, 59, 60, 81, 79, 78, 60, 67
  700, 15, 76, 54, 31, 79, 66, 74, 56, 57
  462, 16, 33, 60, 69, 85, 52, 82, 60, 60
   20, 88, 33, 32, 16, 66, 33, 62, 44, 32
  169, 20, 34, 73, 90, 80, 65, 67, 72, 84
 1170, 14, 48, 69, 44, 84, 49, 83, 62, 71
 1182, 15, 29, 54, 66, 81, 54, 78, 62, 66
 1132, 16, 29, 55, 67, 90, 48, 78, 59, 64
 1110, 15, 47, 70, 45, 87, 47, 82, 59, 65
   43, 16, 87, 59, 34, 81, 73, 78, 61, 63
  870, 16, 52, 75, 52, 73, 56, 65, 69, 75
  208, 19, 34, 52, 81, 84, 78, 86, 63, 68
   23, 15, 79, 52, 33, 80, 71, 73, 59, 56
  286, 18, 87, 52, 32, 76, 73, 59, 62, 61
  518, 13, 66, 45, 30, 74, 61, 69, 52, 49
  902, 15, 75, 54, 34, 81, 69, 78, 58, 59
  439, 17, 30, 57, 70, 89, 57, 88, 66, 65
 1122, 14, 32, 55, 66, 82, 51, 79, 61, 60
  152, 91, 36, 38, 18, 67, 35, 59, 50, 36
 1166, 60, 29, 28, 17, 70, 28, 65, 38, 30
  161, 18, 53, 89, 79, 80, 63, 80, 72, 91
  826, 16, 61, 78, 58, 88, 62, 83, 69, 72
  777, 73, 33, 31, 16, 73, 33, 69, 48, 34
  839, 78, 33, 37, 19, 68, 34, 61, 51, 34
  972, 17, 31, 71, 80, 88, 58, 80, 62, 70
  982, 17, 50, 70, 50, 79, 57, 75, 65, 72
  670, 18, 35, 54, 76, 82, 66, 79, 70, 64
   47, 17, 62, 87, 60, 75, 57, 67, 71, 86
  958, 17, 75, 51, 33, 82, 64, 87, 50, 54
 1112, 15, 29, 57, 66, 89, 51, 77, 56, 58
  448, 65, 30, 29, 15, 69, 29, 67, 40, 28
  408, 15, 51, 76, 52, 79, 58, 74, 63, 71
   84, 18, 44, 84, 71, 83, 58, 77, 68, 79
  456, 16, 44, 65, 58, 83, 53, 82, 65, 65
   34, 15, 35, 61, 80, 87, 72, 80, 69, 77
 1062, 15, 31, 54, 66, 89, 47, 77, 60, 65
  547, 17, 49, 64, 47, 81, 53, 77, 62, 63
  334, 17, 46, 84, 75, 81, 53, 83, 61, 75
  579, 70, 32, 32, 18, 70, 33, 67, 47, 32
 1141, 14, 66, 46, 30, 80, 61, 79, 52, 47
  983, 18, 32, 62, 73, 90, 54, 80, 60, 64
 1146, 15, 65, 49, 30, 77, 61, 80, 46, 50
  807, 88, 34, 36, 16, 72, 36, 63, 53, 37
  791, 73, 35, 34, 15, 71, 33, 66, 49, 34
  258, 16, 69, 78, 45, 79, 57, 84, 70, 77
  835, 18, 35, 50, 83, 82, 73, 83, 64, 67
 1038, 15, 66, 46, 30, 79, 68, 76, 48, 53
  433, 17, 51, 71, 50, 85, 55, 85, 66, 72
  591, 15, 44, 75, 63, 82, 55, 75, 65, 68
  434, 16, 56, 74, 57, 80, 61, 72, 73, 77
 1039, 16, 65, 51, 31, 78, 66, 75, 55, 51
  323, 15, 79, 59, 33, 82, 70, 82, 60, 58
  959, 17, 73, 50, 30, 79, 68, 78, 53, 56
 1098, 16, 75, 45, 29, 81, 62, 77, 48, 54
 1085, 16, 75, 52, 31, 81, 66, 79, 53, 55
  621, 16, 78, 52, 51, 84, 67, 83, 56, 56
 1186, 16, 67, 47, 29, 76, 66, 70, 52, 49
  116, 18, 87, 63, 36, 82, 81, 81, 65, 65
  600, 16, 80, 54, 33, 79, 72, 78, 60, 62
 1152, 14, 30, 55, 64, 83, 47, 75, 61, 65
  745, 18, 53, 66, 54, 85, 59, 86, 67, 66
 1076, 16, 55, 71, 49, 82, 55, 83, 59, 74
  289, 20, 85, 65, 38, 79, 77, 81, 60, 69
  119, 20, 86, 63, 56, 85, 79, 83, 68, 65
  650, 16, 33, 56, 68, 85, 51, 81, 63, 66
 1026, 14, 50, 72, 49, 81, 54, 74, 60, 74
  701, 15, 73, 54, 34, 75, 67, 70, 54, 55
 1142, 14, 31, 49, 59, 77, 51, 76, 51, 59
    3, 17, 89, 63, 64, 85, 80, 81, 67, 67
  100, 18, 82, 57, 35, 79, 76, 77, 64, 62
  885, 16, 83, 59, 37, 84, 76, 83, 64, 64
  474, 18, 70, 54, 31, 81, 70, 81, 55, 59
 1007, 74, 34, 33, 14, 72, 33, 66, 45, 32
  766, 13, 47, 59, 47, 85, 50, 81, 61, 62
 1103, 13, 69, 46, 28, 76, 62, 73, 45, 48
  985, 71, 31, 32, 15, 62, 33, 58, 40, 31
  299, 20, 34, 61, 87, 88, 68, 86, 69, 78
  136, 17, 97, 69, 38, 88, 83, 86, 70, 71
  665, 14, 54, 70, 54, 81, 57, 74, 64, 70
 1012, 17, 75, 53, 31, 77, 71, 73, 54, 58
  659, 16, 80, 54, 60, 78, 72, 78, 56, 56
 1113, 13, 48, 65, 47, 74, 48, 72, 62, 64
  505, 14, 43, 73, 60, 77, 55, 71, 67, 70
  607, 16, 45, 75, 62, 83, 57, 80, 71, 78
  426, 14, 66, 52, 33, 79, 67, 76, 55, 56
  107, 19, 36, 67, 82, 85, 62, 86, 72, 83
  126, 20, 63, 92, 64, 88, 62, 76, 72, 88
 1001, 15, 75, 44, 33, 82, 63, 86, 51, 51
 1108, 16, 48, 68, 47, 79, 52, 74, 60, 66
 1107, 14, 46, 66, 45, 81, 46, 85, 61, 70
 1172, 17, 70, 47, 31, 81, 62, 79, 54, 55
  960, 17, 75, 47, 33, 79, 70, 83, 56, 53
  261, 17, 32, 52, 74, 80, 74, 74, 64, 68
  633, 18, 33, 51, 72, 85, 65, 80, 66, 67
  228, 20, 84, 62, 59, 78, 79, 65, 64, 63
  961, 16, 51, 74, 52, 80, 51, 79, 65, 76
  391, 17, 35, 53, 75, 86, 66, 81, 67, 65
  867, 18, 62, 78, 58, 82, 63, 86, 72, 77
  871, 15, 50, 80, 54, 81, 52, 74, 62, 73
  660, 15, 71, 54, 33, 74, 68, 65, 55, 55
 1100, 17, 52, 69, 51, 76, 53, 73, 65, 65
  291, 15, 82, 52, 32, 79, 73, 76, 61, 59
  308, 18, 83, 59, 61, 88, 71, 90, 65, 61
  165, 17, 56, 90, 81, 83, 63, 83, 72, 87
  153, 19, 90, 59, 61, 88, 82, 83, 63, 65
   25, 14, 80, 54, 32, 84, 81, 83, 63, 59
   71, 17, 31, 59, 71, 82, 55, 70, 63, 64
   51, 17, 81, 56, 56, 85, 74, 83, 57, 61
  157, 18, 94, 60, 37, 87, 80, 86, 66, 66
  498, 16, 71, 51, 31, 84, 66, 83, 53, 55
 1013, 15, 79, 52, 32, 81, 72, 78, 52, 55
  812, 82, 36, 37, 16, 67, 35, 58, 51, 36
  705, 17, 75, 57, 54, 75, 71, 69, 58, 59
  831, 16, 83, 54, 58, 83, 70, 79, 56, 55
  387, 16, 53, 76, 54, 84, 60, 83, 69, 78
  984, 17, 49, 78, 51, 79, 49, 76, 60, 72
 1002, 16, 69, 46, 30, 79, 63, 83, 45, 52
  858, 18, 60, 85, 62, 86, 63, 82, 79, 87
 1048, 14, 52, 75, 51, 83, 56, 78, 62, 76
   32, 19, 49, 84, 72, 84, 55, 82, 67, 85
  877, 17, 50, 73, 47, 82, 57, 85, 65, 75
  110, 19, 35, 72, 88, 92, 68, 82, 71, 80
    0, 15, 46, 64, 44, 77, 50, 71, 60, 66
  893, 74, 34, 33, 15, 70, 33, 66, 49, 33
 1156, 13, 67, 47, 29, 75, 57, 75, 46, 45
  239, 17, 36, 77, 91, 87, 65, 85, 72, 77
 1187, 14, 66, 49, 32, 78, 59, 81, 51, 48
   13, 17, 48, 81, 70, 82, 56, 81, 67, 77
 1043, 81, 32, 30, 18, 74, 33, 73, 44, 30
  909, 15, 34, 74, 90, 93, 59, 86, 75, 81
  821, 17, 32, 68, 78, 86, 56, 82, 66, 75
  336, 17, 35, 54, 79, 91, 72, 85, 62, 73
 1077, 17, 72, 50, 33, 84, 65, 84, 54, 56
  531, 16, 31, 49, 67, 77, 65, 67, 67, 67
   97, 18, 88, 59, 38, 83, 79, 84, 62, 64
   45, 17, 84, 59, 35, 75, 80, 81, 63, 62
  111, 97, 35, 34, 18, 69, 37, 68, 49, 35
  869, 69, 30, 32, 16, 73, 32, 74, 41, 34
  608, 16, 57, 73, 54, 82, 60, 79, 66, 79
  187, 18, 34, 57, 86, 81, 78, 74, 68, 74
  463, 18, 35, 57, 78, 90, 70, 87, 71, 73
 1015, 17, 53, 72, 48, 89, 58, 83, 58, 73
  158, 16, 87, 61, 33, 87, 78, 79, 67, 67
   83, 16, 56, 81, 56, 78, 58, 68, 73, 82
  443, 66, 34, 33, 16, 70, 30, 69, 44, 31
 1019, 14, 44, 76, 66, 87, 58, 80, 67, 78
   41, 16, 83, 58, 54, 77, 69, 77, 57, 62
 1086, 15, 48, 74, 53, 86, 54, 81, 67, 72
  822, 16, 77, 54, 34, 77, 73, 75, 60, 59
 1078, 15, 78, 53, 32, 80, 66, 77, 47, 56
 1123, 13, 65, 47, 31, 81, 58, 80, 49, 50
 1063, 16, 70, 41, 28, 77, 64, 76, 42, 49
  727, 14, 46, 71, 62, 75, 55, 66, 67, 71
 1104, 14, 65, 45, 29, 85, 64, 79, 46, 50
  671, 17, 32, 65, 74, 85, 58, 83, 66, 67
  948, 70, 32, 33, 14, 68, 31, 61, 43, 30
  435, 15, 43, 71, 62, 87, 56, 87, 64, 72
 1087, 70, 34, 31, 17, 73, 33, 69, 43, 33
  278, 20, 33, 70, 83, 90, 64, 78, 73, 85
  741, 16, 78, 52, 35, 82, 68, 85, 60, 59
  941, 76, 35, 32, 16, 72, 34, 77, 46, 30
   42, 14, 77, 53, 51, 83, 68, 82, 56, 56
  140, 17, 58, 90, 82, 92, 65, 90, 80, 87
   81, 16, 74, 50, 31, 78, 67, 79, 55, 57
  898, 17, 52, 82, 56, 83, 56, 74, 64, 76
  986, 17, 73, 50, 30, 81, 64, 76, 55, 57
  815, 16, 56, 86, 60, 83, 62, 82, 79, 85
  929, 72, 32, 32, 17, 71, 31, 63, 48, 31
 1167, 14, 57, 65, 36, 83, 47, 73, 60, 70
  962, 14, 31, 61, 71, 86, 52, 79, 60, 64
 1088, 18, 31, 62, 74, 80, 58, 73, 68, 68
  499, 18, 71, 54, 49, 74, 68, 66, 56, 52
  789, 18, 63, 89, 63, 89, 68, 84, 76, 88
  132, 95, 37, 37, 20, 74, 34, 78, 53, 34
  288, 18, 75, 56, 53, 80, 68, 78, 62, 61
  151, 19, 92, 61, 63, 86, 80, 82, 68, 67
 1133, 16, 43, 67, 41, 89, 51, 87, 57, 64
  360, 16, 54, 73, 51, 79, 56, 76, 68, 75
  269, 16, 85, 58, 35, 79, 79, 77, 68, 59
   15, 15, 59, 71, 51, 81, 54, 77, 75, 77
  180, 15, 55, 76, 51, 85, 62, 83, 69, 74
  306, 17, 82, 54, 35, 85, 80, 82, 62, 62
  930, 73, 32, 33, 16, 67, 33, 55, 47, 34
  666, 16, 50, 71, 52, 84, 56, 83, 63, 73
  886, 15, 56, 83, 58, 89, 60, 79, 81, 81
 1188, 16, 65, 49, 28, 85, 61, 80, 49, 55
  255, 15, 64, 75, 42, 87, 50, 87, 61, 73
  262, 15, 45, 77, 64, 83, 60, 73, 69, 80
   74, 19, 52, 90, 81, 81, 63, 75, 85, 93
  647, 15, 56, 76, 55, 83, 57, 81, 70, 77
 1027, 15, 30, 68, 77, 80, 53, 70, 65, 65
  836, 18, 33, 68, 78, 79, 58, 73, 69, 70
  942, 16, 75, 52, 34, 82, 74, 77, 59, 56
 1131, 15, 47, 70, 50, 73, 47, 65, 64, 69
  318, 18, 34, 62, 83, 84, 72, 81, 73, 81
  750, 16, 31, 57, 66, 88, 51, 86, 61, 61
  661, 14, 66, 54, 33, 73, 69, 62, 55, 56
  246, 15, 82, 53, 33, 79, 71, 72, 57, 55
  464, 13, 29, 58, 71, 81, 52, 79, 63, 62
  797, 15, 56, 79, 55, 79, 61, 77, 73, 77
  963, 15, 78, 50, 30, 81, 68, 76, 53, 52
  630, 15, 44, 70, 59, 78, 52, 72, 61, 65
  987, 68, 33, 32, 18, 71, 32, 69, 45, 32
  223, 20, 37, 62, 91, 86, 80, 74, 70, 76
  792, 75, 35, 33, 17, 71, 35, 64, 45, 33
  685, 16, 44, 67, 57, 83, 57, 79, 61, 69
 1174, 15, 50, 70, 47, 76, 53, 72, 63, 68
  162, 19, 50, 86, 69, 83, 61, 72, 71, 86
  133, 92, 38, 36, 19, 65, 36, 60, 46, 36
  592, 17, 31, 51, 76, 86, 68, 85, 69, 69
  260, 17, 32, 68, 77, 87, 59, 77, 68, 70
 1124, 67, 30, 31, 15, 71, 31, 67, 40, 30
  449, 14, 69, 49, 32, 77, 63, 74, 54, 51
  131, 21, 37, 83, 93, 85, 59, 80, 71, 84
 1003, 64, 29, 32, 17, 69, 32, 63, 44, 30
  931, 18, 72, 53, 32, 79, 68, 79, 60, 54
  849, 17, 82, 57, 33, 89, 81, 85, 60, 65
  735, 76, 31, 34, 17, 72, 31, 67, 43, 30
  691, 17, 33, 63, 77, 86, 58, 80, 67, 65
  988, 14, 71, 50, 33, 83, 66, 82, 52, 50
 1106, 14, 46, 70, 47, 84, 53, 84, 57, 67
  622, 17, 83, 58, 54, 84, 75, 86, 60, 64
 1114, 61, 28, 30, 13, 73, 31, 76, 39, 32
 1064, 15, 71, 46, 28, 77, 59, 75, 48, 51
  874, 15, 74, 52, 32, 80, 66, 76, 58, 57
  784, 16, 34, 52, 82, 80, 75, 71, 62, 70
  109, 19, 34, 72, 89, 89, 62, 86, 69, 84
  552, 17, 30, 50, 71, 84, 60, 77, 63, 60
   75, 87, 35, 36, 17, 72, 38, 70, 43, 31
  585, 17, 54, 75, 51, 81, 57, 78, 64, 71
  949, 74, 30, 31, 16, 75, 33, 74, 46, 32
  943, 16, 57, 77, 53, 79, 56, 72, 71, 75
  129, 22, 70, 87, 99, 94, 90, 93, 90, 95
  720, 16, 72, 49, 53, 72, 63, 61, 52, 53
  525, 15, 45, 72, 59, 83, 56, 76, 66, 71
  181, 14, 43, 69, 56, 86, 54, 82, 58, 72
  190, 86, 35, 34, 16, 71, 36, 57, 48, 36
  932, 17, 33, 54, 70, 89, 69, 80, 68, 71
  179, 16, 73, 54, 48, 84, 69, 82, 56, 55
  214, 14, 64, 73, 43, 80, 57, 89, 72, 75
 1040, 16, 52, 70, 48, 81, 52, 85, 58, 69
  104, 17, 60, 93, 63, 90, 63, 92, 67, 87
  526, 15, 69, 52, 48, 74, 66, 68, 56, 50
  586, 15, 47, 67, 47, 85, 53, 82, 61, 65
    8, 14, 82, 49, 31, 80, 70, 84, 62, 53
  973, 15, 56, 76, 52, 83, 60, 83, 63, 76
  249, 15, 75, 54, 31, 81, 71, 84, 57, 58
  540, 17, 69, 49, 29, 82, 63, 83, 53, 52
  823, 17, 74, 56, 34, 83, 70, 72, 57, 60
  177, 17, 87, 57, 36, 85, 76, 82, 60, 63
   24, 17, 82, 59, 34, 82, 77, 86, 64, 60
  852, 16, 36, 66, 98, 94, 90, 84, 76, 89
 1065, 14, 47, 67, 51, 86, 50, 84, 60, 60
  775, 16, 32, 59, 82, 88, 71, 84, 65, 78
  388, 18, 54, 74, 52, 82, 52, 74, 68, 71
  617, 65, 32, 29, 14, 67, 30, 62, 41, 32
  117, 17, 89, 62, 65, 94, 79, 86, 65, 63
  451, 15, 79, 55, 32, 79, 72, 79, 60, 61
   58, 17, 82, 49, 31, 83, 71, 81, 63, 53
 1010, 15, 74, 53, 30, 79, 67, 84, 52, 53
 1016, 14, 51, 74, 53, 82, 57, 80, 67, 76
 1066, 71, 29, 29, 13, 69, 29, 65, 41, 27
  272, 16, 46, 80, 65, 81, 55, 79, 62, 79
  298, 18, 52, 76, 54, 85, 56, 80, 67, 74
  219, 18, 53, 73, 48, 80, 62, 81, 69, 74
  371, 79, 35, 33, 16, 76, 32, 75, 45, 34
 1079, 18, 73, 50, 31, 83, 71, 78, 54, 51
  330, 18, 55, 83, 54, 80, 58, 76, 64, 85
  751, 18, 34, 61, 75, 83, 57, 79, 66, 65
 1041, 15, 48, 67, 50, 77, 49, 68, 64, 65
  256, 18, 64, 73, 52, 77, 57, 69, 66, 73
  782, 70, 33, 32, 16, 65, 33, 63, 45, 32
  233, 17, 77, 88, 52, 77, 61, 74, 76, 85
 1139, 14, 51, 65, 44, 76, 54, 76, 54, 64
  245, 89, 32, 36, 19, 74, 34, 72, 49, 34
  210, 16, 73, 53, 48, 77, 63, 67, 53, 58
 1067, 14, 47, 70, 43, 80, 45, 76, 55, 66
  974, 17, 31, 60, 72, 87, 56, 85, 67, 66
 1149, 16, 41, 64, 48, 81, 49, 75, 57, 64
   11, 16, 45, 85, 75, 80, 60, 72, 75, 85
 1080, 15, 71, 49, 34, 80, 66, 74, 56, 55
   50, 15, 44, 79, 66, 82, 52, 74, 62, 78
  300, 19, 33, 59, 84, 85, 70, 75, 69, 76
  808, 20, 89, 63, 36, 88, 83, 88, 67, 68
 1145, 16, 70, 47, 29, 82, 62, 82, 48, 48
  124, 18, 52, 88, 71, 84, 67, 83, 77, 86
  798, 15, 55, 80, 54, 80, 61, 72, 71, 77
  653, 17, 35, 58, 81, 88, 74, 88, 71, 72
  933, 14, 78, 53, 35, 77, 69, 85, 58, 58
 1004, 17, 75, 51, 30, 82, 69, 75, 51, 54
  803, 18, 36, 57, 78, 85, 70, 77, 73, 72
  875, 17, 75, 53, 32, 80, 66, 79, 55, 57
  915, 15, 56, 82, 53, 83, 60, 79, 72, 82
 1089, 18, 54, 69, 53, 85, 58, 84, 65, 74
  845, 17, 77, 54, 32, 83, 71, 79, 57, 60
  989, 17, 31, 61, 69, 81, 57, 80, 64, 64
  891, 18, 34, 59, 83, 89, 77, 87, 77, 74
  631, 17, 49, 69, 49, 79, 53, 77, 63, 69
    2, 15, 82, 50, 34, 87, 73, 90, 58, 57
  809, 20, 67, 91, 57, 82, 67, 86, 75, 92
  964, 78, 33, 33, 15, 73, 31, 73, 43, 30
  416, 17, 33, 71, 80, 84, 60, 78, 69, 66
  512, 66, 33, 30, 16, 75, 32, 76, 43, 33
  814, 15, 60, 84, 62, 88, 69, 82, 74, 79
  859, 19, 59, 84, 64, 83, 65, 73, 75, 84
 1154, 13, 66, 44, 32, 82, 62, 84, 43, 45
  895, 18, 74, 55, 34, 83, 72, 77, 52, 60
  236, 17, 48, 77, 50, 81, 55, 76, 61, 77
  254, 17, 48, 87, 76, 81, 59, 73, 67, 85
  457, 16, 51, 71, 49, 76, 52, 69, 59, 66
  950, 14, 50, 71, 55, 86, 51, 85, 62, 72
 1175, 17, 69, 45, 33, 79, 65, 69, 51, 54
  876, 17, 74, 48, 32, 79, 70, 81, 58, 54
  144, 18, 78, 92, 55, 85, 70, 87, 83, 90
  904, 17, 54, 78, 54, 78, 59, 72, 70, 76
  209, 85, 33, 31, 15, 69, 32, 65, 44, 32
 1099, 13, 52, 69, 51, 82, 55, 81, 59, 69
  191, 84, 33, 35, 15, 66, 33, 66, 48, 32
  799, 17, 56, 77, 56, 79, 61, 73, 73, 80
  581, 16, 71, 51, 33, 81, 68, 74, 58, 53
  827, 18, 35, 68, 81, 83, 61, 76, 72, 72
   46, 15, 82, 57, 57, 80, 73, 81, 63, 62
  101, 18, 85, 57, 36, 85, 76, 81, 64, 61
 1109, 16, 27, 57, 64, 90, 48, 83, 56, 62
  840, 16, 49, 79, 52, 89, 55, 81, 65, 75
  686, 15, 56, 74, 52, 85, 57, 83, 68, 70
  944, 17, 75, 52, 33, 78, 68, 73, 59, 57
  440, 16, 31, 59, 72, 83, 56, 77, 66, 64
 1068, 14, 68, 47, 30, 78, 58, 76, 46, 50
 1028, 14, 53, 68, 49, 72, 55, 64, 66, 72
  922, 17, 85, 54, 35, 80, 81, 80, 62, 64
  231, 18, 94, 62, 37, 90, 85, 87, 67, 67
 1158, 15, 28, 57, 66, 87, 58, 86, 56, 58
  609, 16, 61, 73, 42, 85, 54, 85, 67, 70
   93, 94, 34, 34, 19, 70, 38, 73, 45, 34
  924, 15, 57, 84, 58, 87, 61, 79, 70, 83
  275, 18, 64, 85, 59, 88, 65, 94, 71, 84
   85, 17, 74, 54, 49, 86, 70, 88, 57, 58
  135, 17, 95, 62, 66, 89, 79, 86, 64, 62
 1115, 15, 42, 63, 51, 80, 46, 80, 65, 63
  680, 17, 75, 54, 35, 84, 68, 82, 51, 54
  280, 19, 36, 78, 92, 86, 63, 85, 69, 78
  593, 14, 34, 52, 71, 78, 64, 70, 66, 70
  582, 16, 69, 52, 33, 83, 62, 83, 55, 58
  706, 17, 56, 74, 53, 81, 55, 74, 68, 76
 1020, 17, 30, 61, 76, 84, 52, 75, 66, 71
  458, 18, 52, 73, 50, 77, 54, 72, 64, 72
  787, 17, 89, 65, 38, 82, 85, 79, 63, 67
 1144, 13, 64, 48, 29, 81, 56, 82, 48, 49
  302, 89, 33, 36, 18, 71, 35, 69, 50, 35
  780, 15, 54, 78, 54, 79, 57, 72, 69, 75
  215, 17, 49, 77, 54, 78, 55, 73, 65, 80
 1135, 14, 64, 45, 30, 80, 59, 86, 48, 49
  257, 17, 63, 72, 46, 78, 51, 75, 67, 71
  253, 15, 45, 77, 63, 87, 54, 82, 65, 83
  887, 16, 59, 82, 57, 85, 63, 82, 74, 85
  965, 18, 50, 71, 48, 81, 56, 76, 66, 70
  966, 16, 63, 74, 42, 80, 56, 80, 65, 73
  846, 17, 52, 75, 53, 83, 58, 82, 69, 76
  759, 18, 84, 59, 35, 85, 76, 80, 63, 62
 1180, 16, 30, 56, 69, 83, 53, 84, 65, 62
  393, 16, 32, 65, 77, 85, 57, 79, 69, 71
  635, 17, 32, 59, 71, 84, 54, 81, 67, 65
   33, 21, 37, 64, 94, 87, 88, 80, 75, 85
  167, 16, 73, 87, 51, 80, 62, 77, 75, 85
  296, 16, 51, 83, 68, 82, 61, 81, 73, 81
  297, 18, 52, 90, 80, 88, 70, 90, 75, 87
  951, 16, 31, 63, 71, 85, 52, 78, 65, 71
  176, 16, 78, 54, 32, 82, 76, 86, 53, 58
 1134, 15, 28, 57, 65, 82, 52, 80, 59, 58
  251, 15, 59, 72, 52, 78, 62, 55, 74, 73
  853, 18, 38, 63, 97, 97, 93, 95, 80, 85
 1005, 14, 28, 63, 71, 87, 49, 85, 61, 64
  379, 17, 78, 54, 34, 80, 71, 75, 59, 58
  975, 69, 31, 32, 18, 74, 34, 70, 45, 32
  331, 18, 60, 80, 56, 80, 62, 74, 72, 79
   30, 17, 67, 77, 45, 87, 58, 87, 68, 78
  842, 16, 33, 50, 80, 84, 79, 83, 60, 70
  888, 18, 56, 83, 59, 85, 62, 83, 75, 84
  881, 82, 36, 35, 17, 74, 37, 69, 46, 33
  206, 20, 36, 73, 89, 89, 65, 76, 66, 81
  115, 17, 92, 62, 37, 84, 84, 91, 66, 68
  122, 20, 57, 94, 78, 78, 65, 76, 74, 87
  527, 17, 56, 80, 57, 76, 62, 77, 76, 85
 1047, 16, 31, 63, 72, 86, 62, 81, 64, 70
  270, 16, 82, 60, 34, 76, 81, 75, 58, 63
  790, 19, 37, 71, 87, 89, 66, 78, 77, 82
  428, 18, 75, 53, 32, 82, 67, 79, 57, 55
  828, 16, 35, 53, 80, 88, 75, 84, 69, 69
  128, 21, 38, 64, 91, 88, 86, 83, 76, 79
  441, 16, 30, 52, 73, 85, 64, 86, 60, 63
  883, 17, 82, 59, 36, 83, 77, 79, 65, 63
  862, 77, 36, 35, 17, 73, 36, 72, 49, 33
  810, 19, 63, 92, 64, 83, 66, 82, 80, 89
  120, 19, 91, 65, 64, 86, 79, 90, 64, 71
   19, 15, 31, 66, 77, 90, 57, 88, 63, 72
  380, 17, 73, 53, 34, 78, 68, 70, 55, 53
 1029, 14, 78, 50, 30, 75, 70, 68, 47, 55
  332, 18, 34, 69, 79, 87, 60, 81, 62, 74
  123, 19, 64, 93, 62, 85, 65, 87, 77, 86
  226, 17, 74, 57, 51, 84, 63, 81, 52, 62
  829, 16, 76, 54, 34, 85, 72, 77, 52, 54
  907, 15, 35, 56, 75, 86, 71, 84, 69, 71
   14, 15, 46, 78, 64, 87, 58, 82, 64, 75
  934, 16, 75, 54, 34, 80, 72, 80, 58, 57
  145, 20, 52, 97, 86, 89, 85, 86, 75, 96
  195, 17, 90, 59, 61, 86, 77, 81, 63, 64
  662, 16, 69, 51, 34, 79, 66, 76, 57, 56
  403, 16, 71, 51, 31, 83, 66, 79, 53, 54
  905, 17, 50, 77, 54, 79, 61, 80, 64, 71
  908, 18, 60, 87, 57, 83, 65, 81, 71, 76
 1127, 16, 64, 41, 30, 79, 64, 74, 42, 48
