PLAYERNUMBER,KEEPING,TACKLING,PASSING,SHOOTING,PACE,HEADING,STAMINA,SETPIECES,BALLCONTROL
 1034, 12, 62, 47, 43, 77, 56, 79, 48, 45
 1338, 18, 31, 49, 76, 85, 70, 85, 69, 66
 1410, 14, 31, 64, 78, 88, 59, 84, 73, 65
 1411, 15, 31, 61, 73, 82, 56, 74, 68, 62
  355, 16, 45, 72, 62, 83, 50, 77, 63, 66
  997, 14, 41, 57, 39, 82, 41, 80, 47, 54
 1342, 16, 76, 48, 32, 77, 67, 69, 55, 56
 1186, 14, 48, 75, 48, 70, 59, 60, 61, 78
  367, 18, 45, 74, 60, 77, 57, 66, 62, 70
  202, 71, 33, 31, 16, 84, 31, 82, 45, 34
 1117, 14, 31, 55, 64, 85, 50, 83, 61, 58
 1373, 17, 33, 68, 78, 78, 59, 70, 69, 66
 1484, 17, 72, 51, 49, 81, 65, 82, 53, 55
 1650, 14, 47, 73, 50, 77, 56, 67, 66, 73
  329, 17, 30, 50, 66, 89, 63, 88, 62, 63
  145, 16, 62, 47, 32, 80, 58, 75, 47, 48
  105, 15, 32, 47, 66, 78, 69, 65, 70, 61
  135, 16, 46, 69, 48, 70, 53, 73, 55, 67
  103, 14, 73, 47, 29, 69, 58, 53, 52, 49
 1000, 15, 32, 55, 49, 88, 40, 83, 48, 56
  749, 15, 53, 64, 33, 81, 43, 81, 55, 56
   64, 16, 33, 68, 79, 86, 61, 85, 67, 68
  921, 11, 26, 46, 53, 78, 40, 79, 47, 49
  818, 14, 26, 53, 61, 87, 46, 84, 48, 54
 1714, 16, 33, 50, 68, 86, 64, 87, 62, 64
 1246, 17, 32, 50, 82, 85, 74, 84, 72, 64
  905, 14, 24, 42, 51, 90, 37, 79, 41, 43
  787, 15, 28, 46, 67, 93, 50, 89, 52, 61
  100, 17, 31, 52, 72, 82, 61, 74, 63, 64
 1229, 78, 35, 34, 18, 77, 35, 74, 45, 33
  235, 15, 56, 64, 36, 77, 48, 72, 53, 64
 1008, 12, 62, 36, 28, 74, 49, 68, 40, 41
  133, 16, 66, 47, 30, 83, 62, 82, 51, 52
   79, 19, 89, 55, 36, 76, 70, 68, 59, 56
 1219, 15, 64, 75, 45, 83, 60, 81, 69, 78
   29, 17, 73, 51, 32, 85, 66, 82, 55, 57
  819, 13, 61, 42, 25, 84, 54, 82, 44, 44
  318, 13, 30, 49, 59, 86, 44, 85, 53, 54
  926, 14, 61, 43, 29, 77, 58, 75, 42, 43
  788, 14, 26, 51, 61, 81, 45, 89, 55, 53
  230, 15, 31, 46, 72, 84, 58, 80, 56, 56
 1626, 16, 79, 54, 33, 82, 70, 79, 58, 59
 1608, 14, 33, 61, 73, 86, 56, 82, 69, 65
 1557, 17, 78, 50, 34, 82, 72, 80, 56, 61
 1258, 17, 48, 68, 49, 83, 53, 80, 64, 71
 1566, 17, 44, 73, 62, 81, 58, 74, 68, 74
 1563, 17, 51, 78, 54, 84, 61, 87, 68, 78
 1616, 16, 34, 51, 84, 83, 77, 75, 77, 68
 1593, 14, 77, 49, 32, 78, 72, 72, 53, 59
 1627, 17, 79, 51, 53, 82, 70, 83, 57, 60
  354, 18, 32, 57, 89, 84, 66, 77, 67, 67
  342, 16, 30, 49, 71, 87, 61, 88, 61, 61
 1646, 15, 70, 48, 50, 75, 65, 71, 54, 52
  748, 15, 58, 38, 28, 71, 51, 75, 50, 43
  916, 13, 39, 60, 40, 78, 49, 83, 48, 60
 1148, 15, 60, 42, 43, 82, 52, 81, 46, 45
  273, 14, 66, 77, 46, 79, 60, 71, 67, 77
  240, 17, 30, 56, 69, 88, 51, 85, 60, 61
 1402, 17, 50, 77, 47, 84, 59, 83, 64, 78
  148, 16, 30, 47, 69, 76, 56, 71, 59, 59
 1283, 16, 31, 53, 74, 85, 67, 78, 66, 67
 1614, 18, 45, 80, 67, 81, 60, 77, 66, 81
   24, 16, 59, 91, 57, 82, 66, 74, 74, 83
 1720, 17, 75, 54, 33, 80, 71, 79, 59, 56
   62, 20, 60, 81, 62, 85, 63, 82, 72, 81
 1046, 61, 26, 27, 13, 69, 25, 64, 37, 23
 1709, 15, 49, 74, 49, 83, 56, 81, 62, 73
  299, 15, 77, 49, 32, 78, 71, 76, 54, 60
  172, 15, 43, 58, 45, 75, 50, 76, 59, 60
   45, 16, 53, 82, 56, 84, 56, 87, 66, 72
  195, 15, 31, 66, 75, 86, 54, 86, 68, 66
 1195, 16, 29, 56, 66, 86, 53, 87, 60, 63
  379, 16, 51, 71, 50, 84, 47, 84, 64, 68
 1232, 73, 33, 31, 15, 74, 33, 70, 44, 33
  115, 16, 31, 51, 84, 80, 65, 75, 65, 64
 1399, 17, 72, 48, 31, 80, 67, 76, 54, 56
 1508, 16, 74, 49, 54, 82, 68, 78, 54, 56
  181, 17, 33, 56, 69, 72, 51, 61, 63, 61
 1094, 15, 65, 44, 43, 75, 61, 72, 45, 50
 1577, 16, 53, 87, 54, 84, 63, 82, 69, 85
 1347, 16, 50, 75, 50, 87, 56, 84, 65, 72
 1657, 16, 31, 70, 80, 85, 58, 84, 73, 62
   83, 13, 49, 76, 47, 80, 52, 73, 59, 64
  137, 14, 63, 43, 45, 79, 53, 76, 45, 43
  804, 11, 56, 32, 23, 82, 45, 82, 36, 36
 1711, 14, 44, 76, 61, 82, 56, 84, 63, 75
  927, 14, 63, 43, 29, 82, 52, 78, 48, 45
  775, 64, 27, 31, 16, 66, 28, 64, 38, 30
  943, 15, 41, 60, 40, 74, 48, 66, 49, 61
   14, 16, 78, 53, 34, 70, 61, 56, 54, 50
  141, 13, 29, 45, 61, 74, 56, 63, 53, 54
  863, 14, 25, 49, 55, 83, 43, 82, 44, 46
  824, 12, 55, 38, 25, 80, 57, 83, 42, 43
 1193, 17, 30, 48, 75, 75, 70, 61, 70, 61
  882, 12, 23, 50, 60, 86, 41, 76, 42, 54
   50, 17, 32, 48, 65, 83, 60, 78, 59, 64
 1082, 14, 24, 38, 53, 82, 44, 75, 48, 52
 1079, 13, 33, 53, 42, 84, 46, 84, 49, 55
  754, 15, 38, 62, 39, 80, 41, 73, 51, 61
 1176, 15, 31, 45, 63, 77, 59, 69, 58, 60
 1297, 17, 69, 50, 30, 79, 65, 78, 54, 51
 1418, 17, 71, 49, 48, 75, 63, 67, 53, 52
 1672, 14, 36, 53, 36, 77, 40, 69, 49, 52
 1441, 16, 44, 80, 69, 81, 59, 79, 68, 78
  206, 17, 67, 50, 33, 80, 68, 75, 48, 49
 1511, 14, 42, 69, 56, 71, 52, 60, 63, 71
 1059, 13, 27, 53, 44, 79, 40, 79, 44, 55
 1403, 16, 48, 75, 48, 84, 57, 82, 62, 73
 1706, 16, 77, 50, 57, 79, 72, 70, 54, 62
 1404, 16, 49, 72, 48, 81, 57, 73, 64, 73
 1552, 15, 30, 51, 78, 84, 70, 80, 71, 64
  990, 11, 58, 35, 27, 81, 47, 73, 41, 40
  793, 15, 39, 60, 38, 75, 40, 63, 46, 54
 1360, 17, 77, 52, 31, 83, 73, 79, 53, 57
  112, 17, 33, 50, 77, 77, 60, 62, 68, 65
  346, 16, 43, 68, 59, 83, 53, 84, 65, 69
  344, 16, 41, 70, 58, 82, 61, 80, 63, 70
 1285, 16, 33, 65, 78, 77, 60, 64, 73, 67
 1472, 17, 79, 53, 57, 79, 75, 76, 55, 63
 1333, 17, 43, 80, 65, 79, 63, 74, 64, 79
  764, 10, 59, 37, 24, 81, 45, 81, 36, 38
  120, 16, 69, 48, 33, 82, 63, 81, 54, 55
  719, 16, 63, 47, 29, 72, 57, 74, 45, 45
 1276, 14, 45, 73, 65, 85, 57, 83, 69, 73
 1470, 18, 72, 51, 33, 73, 66, 58, 54, 55
   75, 70, 31, 32, 14, 66, 32, 58, 43, 31
  939, 13, 60, 41, 26, 78, 55, 76, 52, 44
 1522, 15, 81, 50, 30, 77, 73, 74, 53, 61
 1119, 73, 32, 28, 15, 80, 28, 77, 39, 29
 1684, 17, 75, 51, 33, 78, 70, 71, 54, 59
  947, 15, 27, 50, 62, 85, 44, 89, 52, 55
  382, 15, 69, 51, 30, 80, 62, 81, 53, 55
  715, 13, 70, 41, 30, 91, 57, 84, 52, 47
  107, 16, 51, 74, 54, 80, 57, 72, 68, 75
  395, 18, 33, 73, 82, 82, 52, 83, 62, 63
  890, 12, 57, 42, 25, 80, 49, 79, 40, 42
 1595, 15, 72, 49, 32, 81, 68, 77, 54, 56
 1162, 14, 71, 46, 32, 74, 65, 67, 48, 52
 1180, 16, 73, 48, 29, 78, 67, 77, 52, 55
 1471, 17, 73, 52, 52, 75, 65, 69, 54, 55
 1588, 15, 76, 55, 31, 71, 71, 58, 58, 58
 1547, 17, 49, 72, 50, 83, 57, 81, 65, 74
  833, 13, 59, 41, 27, 67, 53, 60, 47, 43
  886, 15, 55, 62, 40, 78, 50, 77, 54, 66
 1502, 78, 30, 32, 17, 82, 33, 79, 44, 30
 1181, 16, 77, 48, 32, 80, 69, 80, 51, 60
  841, 12, 27, 44, 67, 85, 58, 88, 53, 57
 1536, 17, 34, 62, 71, 81, 54, 77, 65, 64
 1366, 17, 61, 72, 45, 79, 56, 72, 67, 73
  917, 11, 47, 56, 37, 82, 42, 76, 45, 58
  366, 15, 75, 54, 35, 82, 65, 80, 59, 54
  924, 59, 25, 27, 14, 60, 25, 49, 33, 27
 1348, 15, 47, 75, 48, 75, 58, 67, 64, 76
 1112, 15, 47, 69, 46, 80, 54, 74, 59, 71
 1213, 15, 29, 50, 77, 86, 72, 84, 71, 65
 1153, 15, 43, 63, 40, 81, 49, 78, 55, 62
 1361, 15, 76, 49, 34, 81, 69, 82, 54, 60
   17, 82, 37, 34, 16, 83, 36, 83, 52, 35
  827, 12, 30, 66, 53, 89, 47, 84, 51, 61
  918, 15, 47, 55, 34, 75, 48, 73, 51, 56
  731, 12, 34, 62, 50, 90, 42, 85, 50, 57
  895, 13, 25, 50, 58, 80, 42, 77, 51, 46
  770, 12, 29, 59, 49, 87, 40, 86, 47, 54
  795, 14, 27, 46, 52, 85, 43, 86, 49, 50
  925, 15, 66, 39, 26, 70, 58, 65, 43, 48
  846, 14, 33, 60, 43, 81, 40, 87, 46, 54
  760, 13, 45, 54, 34, 84, 42, 83, 50, 53
 1396, 14, 69, 47, 31, 83, 63, 77, 55, 54
  156, 13, 57, 44, 29, 74, 53, 67, 49, 44
 1243, 17, 52, 77, 49, 85, 57, 84, 66, 77
 1120, 14, 71, 48, 47, 83, 64, 81, 49, 53
 1685, 18, 75, 50, 31, 82, 68, 79, 56, 60
  178, 15, 44, 71, 62, 76, 51, 64, 67, 72
  885, 12, 54, 63, 37, 68, 47, 60, 52, 59
  327, 13, 38, 68, 59, 80, 50, 75, 56, 62
 1654, 16, 32, 49, 71, 79, 65, 74, 64, 65
 1075, 14, 53, 39, 29, 82, 51, 68, 42, 46
 1558, 17, 81, 51, 31, 70, 73, 54, 58, 58
 1687, 16, 73, 49, 31, 81, 64, 82, 55, 57
  288, 14, 64, 44, 43, 80, 53, 79, 50, 46
  280, 15, 57, 43, 29, 81, 54, 80, 46, 45
 1251, 15, 75, 50, 30, 75, 68, 70, 52, 57
 1004, 14, 24, 36, 66, 74, 50, 73, 48, 52
 1721, 15, 82, 53, 54, 79, 74, 72, 58, 63
 1419, 15, 49, 73, 51, 86, 57, 82, 64, 76
  859, 13, 60, 46, 30, 77, 58, 76, 45, 46
  323, 14, 57, 45, 30, 81, 52, 80, 48, 47
  300, 15, 49, 72, 52, 83, 51, 82, 60, 63
  368, 15, 33, 48, 69, 79, 63, 74, 64, 69
  380, 17, 52, 73, 50, 87, 49, 86, 58, 68
 1635, 17, 51, 80, 49, 77, 59, 68, 64, 70
 1686, 17, 74, 49, 51, 82, 66, 79, 56, 53
 1322, 80, 32, 31, 17, 79, 30, 76, 43, 33
  125, 17, 31, 67, 76, 84, 58, 79, 68, 65
   93, 14, 75, 47, 30, 74, 66, 66, 52, 55
  988, 53, 25, 29, 13, 72, 25, 67, 35, 25
 1055, 14, 59, 37, 24, 76, 46, 69, 39, 39
 1052, 13, 52, 35, 24, 74, 45, 71, 34, 38
 1236, 16, 75, 53, 33, 80, 70, 82, 56, 60
  887, 15, 35, 63, 55, 85, 40, 81, 55, 59
  160, 13, 58, 46, 30, 83, 54, 81, 48, 50
 1077, 11, 43, 59, 42, 89, 43, 87, 49, 62
  328, 14, 50, 66, 51, 87, 61, 85, 61, 64
  164, 57, 30, 30, 15, 78, 30, 74, 39, 28
    3, 16, 51, 71, 49, 82, 55, 81, 65, 68
   67, 15, 52, 79, 54, 76, 52, 69, 66, 68
   11, 16, 54, 73, 51, 81, 58, 76, 67, 75
   92, 15, 65, 47, 45, 82, 62, 79, 55, 51
 1208, 15, 42, 69, 57, 86, 53, 85, 65, 69
 1198, 17, 71, 48, 31, 80, 63, 81, 54, 52
    1, 15, 72, 48, 31, 74, 63, 68, 55, 52
 1114, 16, 31, 45, 67, 75, 60, 64, 60, 59
  777, 15, 65, 39, 26, 75, 63, 76, 48, 46
  119, 17, 46, 84, 75, 79, 64, 71, 69, 75
   41, 17, 34, 71, 83, 83, 55, 81, 64, 65
  742, 12, 25, 49, 60, 90, 45, 76, 53, 57
   46, 15, 48, 82, 68, 82, 57, 78, 71, 78
  998, 12, 22, 48, 57, 87, 39, 74, 46, 50
   84, 16, 32, 49, 67, 81, 57, 71, 58, 58
 1205, 16, 51, 71, 50, 82, 53, 80, 65, 69
 1092, 14, 66, 42, 30, 83, 58, 82, 45, 48
   63, 18, 77, 54, 36, 80, 70, 79, 59, 59
   91, 76, 30, 32, 14, 77, 31, 68, 44, 31
   90, 15, 29, 52, 63, 84, 48, 80, 59, 57
 1080, 15, 36, 60, 40, 78, 48, 82, 46, 60
 1016, 14, 47, 53, 36, 77, 41, 67, 46, 58
  739, 13, 61, 41, 28, 75, 52, 67, 45, 44
 1067, 61, 25, 27, 13, 61, 28, 54, 37, 27
  881, 11, 40, 49, 30, 76, 38, 84, 46, 53
 1429, 79, 30, 33, 17, 79, 31, 80, 43, 30
 1145, 16, 64, 42, 28, 82, 56, 80, 45, 48
 1060, 12, 32, 50, 40, 85, 37, 79, 46, 50
 1458, 15, 48, 75, 48, 85, 57, 84, 64, 76
  325, 16, 69, 49, 32, 84, 65, 85, 56, 56
 1678, 12, 24, 35, 56, 79, 48, 73, 49, 51
 1278, 17, 52, 85, 52, 77, 64, 70, 67, 81
 1372, 15, 30, 52, 79, 86, 74, 87, 72, 65
 1259, 17, 63, 71, 43, 81, 52, 79, 65, 70
  855, 11, 24, 47, 55, 88, 40, 78, 46, 50
  310, 17, 52, 75, 51, 81, 51, 79, 62, 67
  322, 67, 30, 30, 16, 76, 34, 72, 43, 31
 1032, 13, 70, 45, 30, 82, 55, 83, 49, 51
  898, 14, 51, 34, 23, 75, 50, 76, 43, 35
 1168, 17, 47, 74, 47, 81, 57, 82, 60, 73
 1725, 17, 54, 75, 54, 82, 60, 82, 70, 75
  806, 14, 22, 36, 53, 80, 45, 79, 46, 48
  802, 13, 39, 47, 29, 80, 38, 81, 43, 48
   65, 74, 31, 34, 15, 74, 33, 69, 46, 31
  714, 62, 30, 28, 17, 64, 30, 61, 41, 29
 1397, 14, 70, 51, 33, 71, 62, 57, 54, 52
 1705, 14, 73, 48, 50, 68, 69, 53, 53, 57
 1700, 77, 30, 31, 17, 80, 32, 81, 42, 30
 1245, 16, 53, 74, 52, 85, 55, 85, 67, 74
 1161, 76, 30, 29, 17, 73, 30, 66, 41, 30
 1689, 15, 81, 51, 55, 74, 73, 63, 55, 60
  829, 14, 60, 44, 26, 85, 48, 83, 51, 42
   42, 66, 29, 29, 15, 72, 32, 59, 41, 31
  790, 14, 59, 37, 25, 78, 54, 72, 43, 42
  363, 17, 75, 54, 32, 81, 62, 82, 52, 52
  110, 17, 70, 53, 34, 75, 64, 72, 54, 57
   34, 17, 31, 51, 70, 83, 63, 84, 63, 63
 1311, 81, 31, 31, 17, 75, 33, 67, 41, 31
  937, 14, 27, 45, 71, 80, 56, 84, 50, 54
  814, 12, 65, 42, 25, 82, 53, 82, 48, 45
 1050, 11, 59, 36, 25, 80, 47, 80, 46, 38
  805, 11, 23, 48, 56, 78, 37, 75, 46, 49
 1224, 18, 48, 81, 69, 83, 63, 81, 68, 79
   49, 15, 48, 76, 48, 81, 52, 74, 60, 66
  860, 13, 50, 62, 38, 75, 48, 76, 61, 67
   44, 14, 28, 46, 59, 86, 61, 86, 59, 58
 1199, 14, 71, 50, 32, 80, 65, 75, 55, 54
 1726, 18, 54, 78, 53, 83, 57, 85, 70, 76
  365, 15, 76, 52, 31, 82, 62, 81, 51, 52
 1210, 16, 47, 76, 51, 78, 57, 67, 64, 73
  948, 14, 26, 38, 70, 88, 55, 79, 53, 55
 1434, 18, 74, 53, 32, 82, 69, 85, 56, 55
 1319, 15, 70, 48, 32, 80, 64, 78, 54, 54
 1043, 12, 32, 65, 58, 85, 45, 73, 53, 65
  724, 14, 34, 64, 56, 88, 43, 84, 56, 65
  891, 12, 59, 36, 27, 70, 50, 58, 50, 38
 1248, 16, 32, 64, 73, 82, 54, 76, 65, 64
 1553, 15, 30, 49, 75, 73, 67, 62, 69, 64
  208, 14, 63, 70, 44, 78, 52, 74, 65, 70
  773, 12, 23, 39, 56, 88, 46, 77, 44, 47
 1567, 16, 44, 74, 66, 79, 57, 71, 66, 73
 1022, 14, 42, 59, 39, 79, 40, 73, 50, 54
 1191, 17, 69, 49, 32, 77, 61, 68, 50, 53
 1548, 15, 42, 72, 62, 74, 52, 61, 62, 70
   58, 89, 37, 37, 18, 78, 35, 75, 52, 35
 1001, 13, 27, 56, 49, 79, 45, 85, 48, 54
 1498, 17, 71, 50, 34, 81, 67, 79, 57, 54
 1530, 16, 52, 82, 50, 83, 62, 82, 66, 81
 1024, 13, 24, 53, 61, 77, 45, 70, 45, 49
 1523, 16, 75, 52, 31, 78, 71, 75, 53, 59
 1014, 14, 54, 41, 27, 78, 48, 76, 43, 44
 1520, 73, 31, 31, 14, 60, 32, 47, 43, 33
 1023, 14, 31, 60, 53, 81, 41, 76, 45, 60
  405, 14, 30, 48, 75, 86, 61, 87, 61, 58
   22, 16, 32, 50, 77, 80, 71, 77, 63, 61
 1017, 14, 40, 59, 40, 85, 42, 76, 51, 55
 1443, 17, 31, 64, 73, 75, 56, 59, 66, 66
  756, 59, 28, 27, 16, 74, 26, 75, 37, 29
  207, 69, 31, 32, 16, 68, 29, 61, 40, 31
  309, 17, 46, 73, 51, 83, 52, 83, 61, 69
 1578, 17, 54, 78, 53, 80, 57, 76, 71, 75
 1312, 69, 30, 31, 17, 72, 31, 65, 43, 30
 1528, 17, 52, 70, 50, 72, 55, 61, 65, 70
  113, 18, 78, 52, 57, 81, 70, 80, 57, 62
 1438, 17, 54, 74, 51, 82, 57, 81, 66, 74
 1682, 80, 32, 33, 18, 80, 31, 78, 46, 33
 1051, 14, 57, 38, 27, 79, 45, 73, 40, 42
  899, 14, 53, 37, 24, 72, 49, 66, 36, 41
  737, 15, 62, 40, 29, 76, 59, 81, 50, 43
 1063, 13, 24, 37, 55, 87, 48, 84, 46, 47
 1121, 16, 73, 47, 32, 76, 68, 71, 49, 56
  980, 13, 36, 49, 40, 80, 36, 79, 48, 48
  831, 15, 63, 41, 28, 75, 60, 83, 42, 48
  892, 11, 59, 38, 28, 78, 62, 87, 44, 40
  936, 14, 28, 49, 61, 84, 45, 81, 47, 51
   32, 14, 69, 48, 30, 80, 60, 81, 52, 50
   28, 70, 32, 32, 14, 74, 31, 73, 42, 31
  969, 12, 59, 38, 27, 71, 47, 66, 38, 40
 1078, 12, 30, 62, 52, 91, 43, 84, 50, 54
   53, 16, 74, 49, 32, 76, 66, 65, 55, 56
   60, 18, 53, 86, 75, 79, 68, 71, 80, 88
  845, 15, 25, 44, 54, 82, 44, 77, 50, 50
 1252, 15, 80, 51, 34, 76, 62, 73, 53, 58
  324, 17, 73, 49, 31, 83, 61, 84, 53, 50
  154, 59, 30, 30, 14, 70, 28, 66, 37, 29
  371, 16, 46, 75, 67, 84, 56, 83, 64, 70
 1722, 18, 76, 55, 35, 79, 70, 71, 58, 56
 1691, 17, 50, 76, 49, 78, 58, 70, 66, 75
   54, 16, 43, 79, 70, 82, 54, 83, 64, 68
  187, 60, 29, 27, 14, 73, 30, 72, 39, 27
 1091, 14, 71, 44, 29, 75, 65, 72, 46, 54
 1671, 12, 62, 38, 45, 77, 57, 75, 40, 47
  175, 17, 69, 50, 50, 76, 60, 70, 53, 51
  285, 13, 28, 45, 67, 73, 56, 67, 55, 55
  945, 12, 33, 65, 57, 77, 46, 74, 46, 60
 1058, 12, 35, 50, 39, 77, 39, 75, 43, 54
 1215, 15, 77, 53, 33, 78, 69, 71, 60, 59
  807, 60, 25, 27, 16, 73, 27, 78, 35, 30
 1073, 15, 56, 42, 27, 80, 52, 80, 42, 47
 1061, 11, 25, 38, 57, 89, 46, 81, 45, 49
  761, 11, 37, 58, 41, 83, 43, 84, 45, 58
 1532, 17, 44, 70, 59, 73, 55, 60, 64, 71
  755, 15, 26, 41, 59, 88, 52, 86, 54, 52
 1165, 15, 65, 48, 47, 78, 60, 73, 51, 51
  772, 11, 23, 35, 57, 85, 44, 81, 43, 46
  200, 18, 75, 53, 33, 80, 64, 73, 58, 55
 1365, 17, 75, 51, 54, 73, 70, 63, 53, 57
 1175, 14, 31, 56, 65, 84, 52, 83, 61, 59
 1716, 15, 33, 56, 69, 87, 55, 87, 62, 65
 1486, 17, 52, 79, 52, 76, 64, 72, 64, 79
  153, 16, 30, 55, 63, 82, 49, 76, 52, 52
 1538, 15, 69, 49, 31, 76, 64, 73, 55, 52
  157, 13, 65, 42, 30, 70, 60, 58, 49, 48
  396, 16, 34, 54, 74, 74, 68, 61, 67, 66
  985, 11, 24, 52, 60, 87, 36, 87, 45, 46
 1182, 16, 71, 49, 32, 84, 64, 80, 53, 54
  931, 13, 49, 60, 34, 78, 49, 73, 52, 62
 1030, 14, 64, 45, 27, 84, 57, 82, 54, 47
 1214, 16, 85, 53, 35, 80, 79, 77, 58, 66
  177, 16, 78, 53, 33, 77, 69, 74, 54, 60
  991, 14, 49, 57, 34, 90, 42, 89, 47, 61
  336, 14, 29, 48, 69, 87, 59, 83, 62, 61
 1473, 17, 52, 72, 49, 76, 54, 69, 67, 71
 1257, 14, 76, 48, 33, 81, 67, 77, 54, 58
  224, 14, 26, 58, 66, 85, 40, 83, 49, 51
 1482, 15, 31, 68, 82, 73, 60, 61, 75, 65
 1206, 16, 41, 70, 61, 81, 53, 81, 62, 71
 1559, 15, 74, 53, 32, 72, 68, 62, 58, 56
  900, 13, 51, 33, 26, 76, 46, 77, 41, 35
   81, 19, 35, 74, 88, 78, 65, 72, 78, 70
 1324, 16, 72, 50, 31, 81, 64, 81, 53, 54
   95, 15, 69, 54, 31, 82, 67, 81, 55, 57
   98, 16, 34, 53, 68, 85, 62, 85, 65, 67
   80, 19, 48, 81, 68, 78, 65, 72, 71, 81
  146, 15, 42, 68, 57, 72, 51, 59, 62, 66
  995, 13, 49, 55, 32, 83, 41, 72, 47, 55
   55, 14, 32, 47, 73, 84, 58, 79, 62, 61
   61, 16, 55, 91, 59, 84, 59, 80, 75, 77
  902, 12, 42, 49, 28, 75, 36, 65, 44, 47
 1072, 13, 64, 43, 26, 72, 48, 63, 40, 49
  798, 47, 22, 23, 11, 55, 25, 50, 32, 25
 1707, 16, 50, 71, 47, 81, 52, 72, 63, 71
  803, 11, 28, 52, 45, 81, 36, 76, 45, 53
 1122, 14, 66, 45, 29, 81, 61, 80, 50, 50
  809, 13, 69, 44, 29, 75, 51, 73, 45, 44
 1284, 14, 31, 62, 75, 83, 56, 80, 69, 68
   15, 18, 51, 76, 52, 84, 51, 82, 64, 67
  728, 13, 65, 44, 28, 83, 54, 81, 48, 48
  858, 13, 24, 44, 53, 79, 35, 66, 48, 46
  823, 67, 27, 27, 15, 65, 25, 61, 34, 26
 1294, 16, 32, 64, 79, 86, 60, 87, 71, 62
 1539, 78, 30, 31, 15, 79, 29, 80, 42, 32
 1200, 14, 79, 48, 30, 83, 72, 79, 55, 61
 1400, 15, 79, 49, 54, 76, 72, 71, 51, 59
 1118, 66, 31, 31, 16, 62, 30, 52, 41, 31
 1583, 15, 34, 55, 75, 84, 68, 83, 69, 68
    4, 16, 32, 49, 70, 82, 62, 82, 59, 59
  356, 16, 67, 51, 31, 77, 68, 70, 53, 52
  779, 13, 68, 46, 29, 81, 53, 78, 44, 43
  765, 12, 59, 36, 24, 72, 52, 72, 37, 40
 1727, 17, 46, 78, 67, 75, 57, 69, 69, 77
  192, 16, 30, 50, 65, 88, 58, 86, 61, 62
 1031, 16, 51, 62, 42, 72, 46, 74, 54, 65
  171, 13, 66, 46, 31, 81, 56, 80, 46, 45
 1267, 16, 32, 57, 69, 85, 52, 84, 63, 63
 1560, 16, 74, 52, 34, 79, 69, 75, 58, 57
 1479, 18, 30, 52, 74, 83, 66, 73, 67, 64
  752, 13, 41, 62, 42, 74, 44, 70, 47, 55
  121, 16, 48, 70, 51, 72, 53, 63, 58, 63
   35, 17, 30, 60, 74, 85, 52, 83, 60, 61
 1351, 16, 32, 47, 71, 80, 63, 74, 62, 62
 1049, 11, 48, 54, 30, 81, 37, 81, 46, 48
  974, 13, 55, 37, 25, 80, 50, 74, 39, 38
  872, 15, 44, 54, 30, 75, 39, 74, 52, 49
  747, 14, 60, 38, 28, 78, 52, 74, 48, 43
  249, 15, 84, 51, 32, 73, 65, 59, 56, 64
   56, 13, 47, 69, 48, 82, 53, 80, 62, 68
   85, 15, 77, 55, 34, 73, 71, 64, 58, 58
 1260, 17, 43, 74, 65, 80, 57, 80, 64, 73
  868, 12, 46, 57, 30, 80, 35, 76, 51, 51
  316, 13, 50, 62, 39, 76, 46, 72, 60, 64
  978, 12, 39, 48, 31, 81, 40, 80, 44, 54
  108, 18, 32, 53, 75, 82, 64, 78, 63, 65
 1056, 12, 42, 52, 32, 83, 39, 81, 46, 54
  888, 12, 38, 67, 58, 81, 48, 71, 50, 57
  878, 11, 48, 33, 22, 72, 43, 64, 35, 34
   72, 14, 69, 50, 33, 79, 64, 76, 54, 54
 1723, 15, 86, 54, 61, 82, 79, 79, 59, 67
  942, 14, 46, 56, 32, 73, 39, 75, 47, 57
  848, 12, 47, 56, 33, 78, 42, 77, 53, 55
 1604, 17, 48, 78, 49, 79, 60, 76, 65, 77
 1696, 15, 30, 51, 76, 85, 68, 82, 69, 64
  880, 11, 59, 34, 24, 81, 46, 71, 42, 37
  321, 16, 74, 50, 34, 81, 61, 77, 55, 52
 1638, 17, 43, 69, 57, 71, 51, 62, 65, 68
  906, 12, 25, 37, 46, 81, 38, 84, 42, 43
 1321, 14, 50, 77, 49, 84, 61, 82, 65, 79
 1003, 14, 26, 47, 57, 86, 41, 74, 49, 47
 1681, 15, 25, 49, 58, 78, 42, 70, 52, 48
 1474, 16, 52, 72, 51, 83, 54, 84, 64, 71
  973, 12, 51, 31, 23, 70, 45, 70, 39, 38
  289, 16, 69, 51, 31, 77, 60, 72, 53, 52
 1298, 15, 70, 47, 30, 75, 63, 71, 53, 51
  923, 12, 25, 39, 57, 79, 58, 87, 49, 52
 1442, 16, 45, 75, 61, 78, 58, 70, 66, 76
 1138, 14, 42, 71, 44, 83, 54, 85, 55, 69
 1226, 15, 33, 54, 75, 79, 68, 73, 68, 69
  912, 14, 49, 59, 39, 85, 44, 85, 54, 57
   10, 18, 83, 94, 49, 87, 72, 87, 77, 90
   78, 17, 30, 51, 77, 80, 62, 74, 62, 61
   21, 15, 49, 73, 50, 86, 51, 82, 63, 69
  751, 13, 48, 56, 34, 78, 44, 76, 57, 55
  276, 77, 34, 31, 18, 78, 31, 70, 43, 33
 1076, 14, 46, 57, 36, 82, 38, 81, 52, 55
 1154, 12, 34, 65, 54, 69, 48, 56, 55, 63
 1149, 15, 62, 41, 27, 82, 59, 83, 46, 47
 1039, 13, 41, 63, 41, 74, 45, 74, 54, 62
 1047, 56, 25, 27, 13, 68, 24, 67, 32, 23
  397, 75, 34, 33, 16, 71, 35, 64, 47, 34
 1268, 83, 33, 33, 16, 79, 34, 73, 43, 33
 1113, 15, 29, 45, 75, 72, 69, 60, 66, 60
 1420, 14, 47, 70, 48, 81, 55, 82, 65, 69
 1601, 16, 43, 68, 59, 85, 51, 83, 62, 71
 1546, 15, 48, 76, 50, 81, 58, 82, 65, 73
 1543, 16, 72, 49, 47, 84, 64, 85, 51, 51
 1018, 14, 23, 39, 65, 80, 52, 83, 49, 54
  940, 15, 54, 62, 37, 78, 46, 75, 53, 62
   99, 17, 49, 71, 50, 78, 54, 72, 60, 66
  114, 17, 62, 77, 44, 86, 62, 87, 69, 79
 1074, 12, 57, 37, 27, 82, 49, 79, 44, 41
 1477, 17, 46, 76, 62, 86, 57, 84, 66, 78
 1096, 13, 55, 65, 38, 82, 51, 77, 55, 66
 1544, 16, 70, 48, 46, 67, 64, 56, 53, 53
 1048, 14, 55, 34, 24, 70, 44, 72, 42, 38
  411, 14, 29, 47, 74, 82, 58, 76, 61, 60
   13, 71, 31, 32, 16, 73, 33, 73, 43, 33
 1005, 11, 25, 44, 52, 87, 35, 86, 47, 53
  297, 16, 72, 52, 52, 78, 64, 75, 57, 55
 1083, 14, 26, 40, 68, 90, 53, 95, 51, 62
 1279, 18, 71, 80, 47, 80, 61, 73, 66, 78
  272, 17, 76, 52, 31, 73, 67, 65, 58, 53
  345, 16, 65, 50, 31, 81, 65, 80, 54, 51
 1704, 15, 73, 48, 30, 78, 69, 70, 52, 56
 1190, 15, 46, 71, 48, 73, 54, 60, 60, 71
 1065, 11, 24, 36, 56, 79, 46, 80, 45, 47
 1698, 15, 31, 64, 72, 83, 54, 79, 66, 67
  343, 66, 32, 34, 16, 82, 34, 78, 43, 30
  340, 71, 31, 34, 15, 75, 31, 71, 46, 34
 1275, 17, 75, 53, 49, 79, 67, 77, 56, 57
 1564, 18, 52, 79, 52, 77, 59, 70, 68, 79
 1554, 14, 32, 61, 71, 82, 53, 83, 63, 63
  140, 15, 31, 45, 60, 78, 54, 75, 53, 53
  147, 14, 48, 62, 46, 77, 50, 80, 56, 60
 1421, 17, 51, 70, 50, 76, 54, 67, 65, 69
  165, 16, 63, 45, 28, 72, 56, 64, 47, 48
 1655, 16, 30, 48, 70, 86, 64, 83, 65, 62
 1405, 16, 44, 68, 58, 86, 54, 82, 63, 71
  295, 17, 43, 80, 72, 79, 57, 74, 63, 72
  753, 15, 40, 55, 40, 78, 42, 80, 52, 60
 1242, 18, 43, 74, 64, 77, 55, 69, 67, 72
  283, 14, 51, 69, 51, 77, 52, 69, 59, 64
 1183, 15, 68, 47, 48, 81, 60, 82, 53, 50
  822, 15, 37, 61, 36, 84, 46, 80, 49, 53
  767, 13, 28, 52, 46, 81, 39, 79, 41, 53
 1189, 15, 42, 74, 61, 85, 53, 81, 61, 70
 1483, 16, 30, 62, 70, 87, 55, 85, 65, 65
 1222, 18, 53, 82, 53, 79, 63, 68, 69, 82
  139, 15, 38, 69, 60, 77, 50, 70, 56, 62
 1683, 72, 32, 33, 14, 72, 30, 70, 45, 31
  763, 50, 24, 26, 13, 69, 24, 73, 34, 27
  967, 54, 25, 23, 14, 65, 23, 66, 36, 26
 1572, 15, 31, 64, 76, 86, 56, 82, 67, 69
  132, 17, 33, 51, 69, 79, 65, 68, 64, 65
  136, 16, 32, 54, 64, 80, 56, 77, 58, 58
  106, 75, 34, 33, 18, 76, 34, 77, 44, 31
 1394, 77, 30, 30, 14, 77, 31, 68, 43, 32
  134, 16, 70, 49, 32, 78, 65, 70, 51, 56
   82, 64, 31, 31, 15, 70, 32, 62, 42, 30
  317, 15, 50, 73, 48, 79, 46, 76, 58, 62
 1194, 16, 29, 58, 71, 87, 56, 82, 64, 61
 1649, 17, 62, 72, 41, 74, 52, 60, 63, 70
  837, 13, 34, 60, 42, 81, 38, 81, 49, 54
 1540, 68, 33, 32, 17, 71, 32, 71, 43, 31
 1009, 11, 59, 41, 28, 79, 50, 81, 40, 43
 1503, 72, 33, 30, 14, 72, 32, 70, 44, 31
  163, 16, 31, 45, 71, 84, 53, 78, 55, 54
  782, 13, 53, 64, 42, 73, 46, 76, 54, 58
  246, 16, 72, 50, 29, 79, 63, 82, 54, 53
 1364, 16, 71, 52, 52, 84, 64, 82, 54, 53
 1589, 15, 82, 53, 33, 82, 73, 76, 57, 63
  232, 17, 31, 54, 67, 85, 49, 86, 59, 59
  994, 11, 48, 38, 27, 72, 53, 75, 39, 40
  911, 13, 41, 66, 39, 85, 39, 83, 50, 62
  179, 17, 52, 74, 52, 87, 56, 84, 67, 67
 1309, 16, 30, 58, 71, 87, 53, 85, 65, 63
 1231, 16, 82, 56, 35, 81, 72, 83, 57, 63
  131, 17, 43, 85, 71, 78, 55, 71, 67, 76
 1647, 15, 69, 48, 46, 83, 65, 83, 52, 52
 1630, 14, 80, 51, 31, 77, 73, 70, 53, 59
  245, 72, 31, 32, 16, 71, 32, 65, 42, 32
 1425, 17, 33, 49, 71, 85, 63, 85, 65, 65
 1641, 16, 31, 51, 68, 84, 64, 79, 62, 63
   30, 14, 76, 51, 33, 78, 61, 77, 56, 51
 1053, 11, 56, 33, 26, 78, 48, 81, 38, 42
 1318, 15, 74, 50, 55, 77, 68, 71, 53, 59
 1663, 17, 68, 49, 48, 82, 65, 79, 51, 54
 1393, 17, 69, 50, 48, 81, 63, 79, 52, 52
 1579, 18, 54, 77, 54, 80, 56, 70, 69, 75
  126, 16, 75, 47, 31, 81, 68, 80, 50, 56
 1416, 15, 71, 50, 29, 84, 62, 83, 53, 54
 1280, 15, 54, 74, 54, 76, 55, 67, 67, 73
 1281, 15, 52, 78, 54, 82, 60, 80, 66, 78
 1261, 16, 42, 75, 63, 85, 58, 80, 65, 76
 1667, 14, 52, 35, 25, 70, 49, 61, 42, 39
 1356, 78, 33, 32, 16, 80, 32, 78, 41, 32
 1299, 14, 74, 50, 31, 84, 69, 82, 55, 57
  161, 13, 38, 62, 55, 79, 48, 69, 59, 62
 1669, 12, 54, 35, 27, 69, 54, 59, 42, 43
 1600, 16, 49, 70, 48, 81, 52, 81, 63, 72
 1541, 16, 80, 50, 32, 81, 72, 80, 55, 61
 1549, 16, 48, 70, 50, 80, 54, 71, 62, 68
 1624, 15, 75, 52, 34, 84, 66, 84, 58, 56
 1174, 16, 30, 47, 76, 83, 67, 78, 67, 60
  217, 16, 34, 53, 75, 82, 66, 78, 68, 66
 1580, 18, 48, 76, 62, 73, 57, 61, 69, 75
 1125, 13, 61, 43, 30, 74, 55, 62, 46, 47
 1462, 14, 32, 47, 78, 84, 72, 81, 70, 65
  348, 13, 40, 69, 40, 80, 40, 80, 54, 54
 1408, 15, 30, 48, 69, 82, 65, 81, 64, 62
 1159, 12, 30, 52, 62, 77, 48, 71, 57, 55
 1493, 15, 32, 51, 70, 73, 64, 58, 65, 66
  857, 11, 29, 60, 51, 81, 41, 81, 49, 55
 1328, 15, 81, 51, 54, 68, 74, 56, 55, 61
 1592, 77, 31, 32, 16, 81, 31, 81, 43, 33
 1570, 18, 34, 52, 74, 85, 66, 87, 67, 69
 1612, 15, 53, 75, 53, 84, 56, 82, 68, 73
 1603, 14, 48, 74, 49, 84, 57, 84, 63, 73
 1296, 71, 32, 30, 17, 75, 33, 72, 44, 31
 1637, 17, 51, 74, 49, 80, 58, 70, 62, 72
 1415, 17, 74, 49, 33, 71, 68, 61, 53, 56
 1353, 14, 30, 61, 72, 83, 54, 79, 64, 65
 1487, 17, 43, 72, 64, 83, 57, 84, 65, 72
 1169, 15, 46, 65, 47, 84, 51, 81, 58, 67
 1497, 81, 33, 31, 17, 74, 32, 65, 45, 31
 1510, 15, 51, 70, 48, 85, 52, 81, 62, 71
 1115, 15, 30, 55, 67, 86, 51, 84, 58, 60
 1450, 16, 68, 50, 32, 80, 63, 81, 52, 55
 1157, 13, 28, 41, 58, 80, 54, 76, 52, 53
 1639, 17, 43, 70, 57, 83, 53, 83, 62, 68
 1363, 17, 73, 51, 31, 81, 65, 79, 54, 55
 1146, 14, 58, 42, 27, 79, 54, 79, 43, 44
 1512, 14, 43, 71, 63, 86, 55, 87, 62, 71
 1517, 14, 29, 64, 79, 83, 59, 78, 72, 62
 1326, 17, 77, 51, 33, 82, 70, 81, 56, 56
 1422, 14, 41, 80, 69, 81, 61, 78, 63, 79
  301, 17, 50, 74, 51, 82, 53, 81, 60, 68
  237, 13, 69, 42, 29, 74, 61, 64, 47, 51
 1240, 16, 51, 70, 49, 81, 55, 82, 67, 71
 1374, 15, 31, 65, 74, 87, 54, 83, 64, 67
 1424, 14, 43, 68, 57, 79, 53, 76, 63, 69
 1164, 14, 65, 49, 30, 75, 60, 70, 48, 51
 1494, 14, 31, 65, 77, 76, 60, 71, 69, 65
  284, 14, 58, 67, 40, 77, 51, 67, 60, 66
 1144, 15, 69, 43, 27, 79, 63, 75, 47, 50
 1388, 69, 32, 31, 16, 73, 31, 74, 41, 31
 1300, 16, 80, 48, 30, 75, 70, 71, 54, 61
 1668, 11, 52, 38, 27, 78, 49, 73, 40, 41
 1367, 17, 43, 77, 67, 85, 58, 85, 64, 75
 1097, 13, 41, 65, 41, 78, 51, 68, 55, 63
 1288, 16, 41, 70, 60, 81, 55, 74, 62, 69
  789, 59, 27, 28, 14, 70, 27, 71, 36, 28
 1135, 12, 38, 63, 53, 80, 48, 74, 57, 61
 1499, 16, 81, 52, 34, 78, 72, 71, 55, 64
 1516, 16, 31, 51, 74, 83, 69, 83, 66, 64
  243, 18, 73, 50, 31, 80, 63, 78, 54, 52
  797, 11, 23, 43, 56, 78, 50, 88, 51, 52
 1703, 17, 68, 48, 32, 75, 65, 71, 53, 54
 1509, 16, 50, 71, 49, 77, 55, 66, 62, 70
 1358, 71, 34, 31, 14, 73, 34, 70, 45, 33
 1504, 17, 70, 48, 31, 78, 65, 77, 53, 55
 1398, 17, 69, 50, 31, 78, 64, 75, 52, 53
 1270, 18, 73, 52, 32, 79, 69, 73, 55, 57
  414, 72, 30, 31, 18, 81, 33, 82, 44, 31
 1496, 71, 33, 32, 18, 75, 34, 72, 42, 34
  150, 13, 38, 71, 57, 80, 48, 78, 57, 69
 1428, 16, 31, 47, 79, 80, 73, 75, 71, 65
  238, 14, 40, 67, 41, 82, 42, 83, 55, 52
 1476, 15, 49, 70, 49, 81, 53, 77, 67, 73
 1542, 16, 68, 50, 32, 75, 62, 67, 52, 55
 1406, 14, 43, 71, 59, 82, 55, 81, 63, 69
 1128, 14, 59, 41, 39, 78, 55, 74, 48, 47
 1141, 13, 30, 54, 62, 86, 45, 81, 55, 55
  312, 17, 32, 65, 80, 85, 53, 82, 63, 62
 1606, 17, 32, 60, 71, 82, 54, 74, 62, 63
 1346, 17, 51, 68, 49, 74, 55, 67, 63, 71
  248, 17, 78, 51, 33, 81, 62, 82, 50, 52
 1107, 16, 58, 65, 38, 78, 49, 73, 61, 67
 1167, 15, 72, 45, 30, 79, 66, 78, 52, 58
  828, 64, 28, 28, 13, 68, 28, 67, 36, 27
  884, 58, 29, 29, 16, 69, 28, 63, 40, 27
  847, 11, 24, 49, 57, 85, 44, 79, 51, 48
 1253, 14, 68, 51, 32, 77, 65, 69, 51, 52
 1002, 12, 27, 61, 50, 73, 45, 68, 42, 57
 1463, 16, 30, 64, 73, 81, 55, 73, 67, 63
 1108, 14, 41, 73, 59, 83, 57, 84, 61, 75
  170, 14, 61, 45, 30, 72, 59, 64, 48, 47
 1170, 15, 40, 68, 59, 84, 55, 82, 59, 70
  992, 13, 61, 41, 24, 74, 57, 70, 40, 47
 1584, 15, 33, 76, 85, 75, 64, 61, 77, 71
  319, 14, 61, 44, 29, 78, 55, 75, 47, 47
 1718, 76, 32, 34, 18, 63, 34, 53, 48, 35
 1375, 17, 33, 64, 74, 83, 55, 80, 67, 64
 1271, 16, 82, 53, 34, 84, 76, 83, 57, 63
 1562, 16, 83, 51, 58, 83, 74, 81, 57, 62
  186, 13, 28, 43, 57, 83, 56, 77, 54, 55
 1220, 17, 52, 78, 54, 82, 56, 75, 71, 75
 1452, 14, 76, 50, 31, 82, 66, 79, 54, 56
  993, 14, 47, 37, 26, 73, 52, 74, 48, 39
 1054, 12, 55, 40, 27, 79, 51, 78, 46, 39
  874, 11, 23, 36, 60, 86, 49, 87, 47, 50
 1642, 15, 31, 57, 70, 84, 54, 81, 65, 62
  903, 11, 36, 52, 33, 74, 37, 65, 39, 47
 1531, 17, 49, 72, 52, 81, 56, 80, 66, 72
 1533, 15, 42, 78, 63, 77, 56, 72, 66, 78
 1611, 18, 51, 75, 51, 86, 57, 83, 68, 76
  741, 14, 38, 66, 44, 84, 42, 84, 50, 54
   73, 17, 50, 78, 49, 74, 61, 66, 63, 78
 1529, 14, 51, 71, 50, 86, 55, 81, 65, 71
  904, 12, 26, 57, 49, 75, 35, 78, 44, 50
  733, 12, 50, 60, 35, 81, 45, 73, 47, 57
  738, 13, 62, 45, 29, 73, 53, 70, 43, 43
 1155, 13, 36, 60, 50, 82, 44, 81, 54, 57
 1081, 15, 25, 52, 60, 81, 42, 77, 50, 56
 1227, 15, 31, 53, 78, 84, 71, 80, 68, 68
  410, 14, 74, 49, 32, 79, 63, 78, 52, 51
  257, 19, 48, 85, 74, 85, 61, 83, 71, 79
 1266, 15, 29, 68, 77, 83, 61, 80, 70, 65
 1131, 14, 66, 42, 29, 82, 59, 83, 45, 51
  102, 15, 68, 49, 29, 82, 63, 79, 50, 53
 1590, 16, 82, 55, 33, 71, 73, 56, 56, 63
 1250, 74, 30, 29, 15, 70, 30, 59, 43, 32
 1216, 18, 78, 52, 52, 77, 68, 73, 59, 60
  981, 13, 46, 54, 30, 77, 37, 82, 44, 49
 1613, 17, 51, 72, 51, 80, 58, 72, 67, 75
  750, 13, 32, 62, 52, 83, 40, 71, 49, 57
  786, 14, 38, 59, 45, 83, 49, 72, 54, 63
   12, 15, 33, 54, 76, 87, 65, 88, 77, 69
  123, 16, 68, 52, 48, 81, 62, 77, 53, 52
   47, 17, 57, 78, 56, 84, 59, 80, 70, 76
  867, 12, 67, 39, 26, 83, 54, 82, 42, 48
  152, 16, 44, 64, 46, 73, 43, 65, 52, 58
  977, 13, 42, 50, 32, 84, 37, 84, 47, 55
  757, 58, 27, 28, 15, 66, 27, 68, 36, 27
  870, 13, 64, 44, 27, 85, 62, 81, 51, 43
 1105, 13, 28, 55, 64, 78, 48, 74, 61, 57
 1272, 17, 78, 53, 32, 72, 72, 58, 58, 61
  383, 13, 29, 43, 59, 81, 52, 70, 55, 54
 1019, 13, 34, 59, 49, 81, 38, 69, 50, 57
   57, 14, 32, 61, 76, 88, 47, 85, 71, 61
 1451, 14, 68, 48, 33, 81, 65, 80, 54, 52
  128, 14, 32, 46, 57, 84, 44, 78, 69, 63
 1357, 69, 31, 33, 17, 70, 31, 70, 43, 33
 1329, 15, 52, 71, 52, 73, 54, 61, 67, 72
 1586, 18, 33, 67, 76, 78, 57, 69, 69, 69
  930, 13, 33, 61, 52, 79, 43, 72, 52, 55
  817, 14, 60, 39, 25, 81, 52, 77, 48, 43
 1362, 15, 71, 51, 31, 79, 64, 75, 54, 57
 1435, 17, 73, 52, 33, 78, 68, 74, 57, 55
  109, 17, 83, 52, 31, 82, 74, 78, 56, 61
  864, 15, 59, 40, 25, 81, 49, 73, 42, 40
  244, 15, 49, 68, 50, 82, 50, 82, 62, 67
  896, 11, 25, 37, 58, 85, 50, 87, 48, 54
 1456, 16, 44, 70, 57, 82, 54, 80, 63, 71
 1025, 11, 28, 50, 57, 91, 42, 88, 50, 56
 1116, 15, 30, 57, 69, 86, 54, 84, 65, 60
 1459, 17, 44, 74, 61, 86, 59, 83, 63, 73
 1461, 14, 30, 49, 69, 78, 65, 69, 64, 64
  920, 14, 36, 57, 42, 82, 41, 82, 50, 60
 1341, 17, 74, 49, 30, 78, 69, 75, 55, 56
  934, 12, 28, 57, 65, 92, 46, 83, 54, 52
 1378, 17, 49, 75, 50, 78, 55, 71, 65, 73
 1631, 14, 75, 50, 32, 77, 66, 73, 52, 56
  832, 13, 51, 61, 33, 79, 43, 75, 54, 55
 1109, 16, 47, 66, 44, 83, 50, 80, 60, 66
 1573, 15, 33, 73, 83, 82, 65, 79, 74, 67
  358, 16, 50, 71, 51, 73, 53, 63, 61, 68
  873, 14, 42, 56, 38, 80, 45, 85, 55, 53
  250, 18, 54, 80, 53, 77, 51, 70, 67, 69
   16, 17, 42, 82, 67, 83, 55, 81, 67, 71
  970, 11, 53, 40, 27, 74, 47, 76, 40, 38
 1316, 14, 69, 50, 30, 81, 64, 80, 52, 52
  176, 15, 71, 49, 31, 79, 67, 75, 55, 54
 1010, 15, 60, 37, 25, 76, 56, 83, 41, 42
 1401, 15, 75, 50, 54, 77, 66, 69, 55, 57
 1447, 17, 33, 63, 74, 80, 58, 73, 67, 66
  735, 57, 26, 28, 12, 60, 28, 55, 39, 28
   48, 17, 33, 57, 86, 85, 70, 85, 69, 71
 1634, 16, 68, 49, 48, 68, 63, 57, 54, 54
  883, 13, 23, 44, 50, 78, 37, 74, 44, 44
 1598, 14, 69, 50, 46, 67, 64, 55, 53, 54
 1625, 15, 73, 51, 32, 80, 68, 75, 57, 55
 1644, 14, 30, 71, 80, 84, 61, 83, 71, 63
 1643, 17, 32, 50, 73, 76, 68, 67, 68, 62
  984, 12, 25, 36, 50, 76, 44, 75, 42, 46
 1430, 83, 31, 33, 16, 72, 33, 61, 44, 32
 1407, 15, 44, 71, 62, 86, 52, 83, 62, 71
 1465, 14, 58, 72, 44, 78, 53, 77, 62, 70
  372, 16, 49, 75, 50, 84, 55, 87, 66, 67
 1427, 17, 31, 62, 74, 86, 57, 84, 69, 65
  729, 13, 62, 41, 29, 79, 59, 69, 47, 45
 1728, 18, 47, 76, 66, 84, 58, 78, 71, 75
 1724, 16, 81, 53, 34, 74, 75, 62, 60, 60
  144, 13, 27, 44, 68, 82, 56, 75, 52, 53
 1732, 18, 32, 55, 82, 85, 73, 85, 74, 70
 1694, 16, 42, 73, 63, 74, 57, 63, 65, 72
 1729, 17, 67, 82, 47, 75, 60, 62, 69, 80
 1007, 64, 28, 28, 12, 70, 25, 68, 37, 25
 1070, 15, 53, 42, 27, 80, 52, 79, 43, 43
 1339, 17, 31, 49, 83, 82, 75, 77, 75, 67
  932, 12, 59, 40, 27, 80, 51, 73, 41, 42
   33, 16, 48, 75, 49, 83, 50, 79, 59, 64
  169, 68, 27, 27, 12, 76, 30, 69, 39, 30
  982, 13, 23, 44, 53, 87, 36, 78, 42, 47
 1289, 14, 57, 68, 43, 83, 53, 83, 65, 69
   39, 15, 70, 51, 34, 77, 64, 74, 57, 51
  142, 16, 58, 43, 29, 82, 55, 80, 48, 44
  303, 15, 64, 45, 27, 78, 57, 75, 49, 47
  298, 17, 68, 52, 45, 78, 64, 67, 54, 51
 1648, 17, 69, 50, 30, 77, 63, 72, 52, 53
 1255, 17, 71, 51, 31, 72, 64, 62, 54, 52
 1632, 15, 76, 51, 33, 79, 69, 74, 52, 56
   76, 17, 76, 49, 30, 76, 69, 70, 56, 57
 1234, 15, 73, 49, 54, 79, 66, 79, 55, 54
 1453, 15, 71, 50, 29, 80, 66, 72, 55, 52
 1466, 82, 34, 31, 14, 79, 30, 74, 42, 32
  191, 16, 30, 46, 67, 85, 59, 81, 62, 58
 1211, 16, 31, 51, 71, 84, 62, 85, 63, 63
 1436, 15, 80, 53, 57, 81, 73, 76, 55, 61
 1256, 16, 70, 48, 47, 76, 65, 67, 53, 52
 1273, 16, 77, 54, 57, 81, 72, 81, 57, 59
  989, 13, 53, 39, 27, 79, 48, 79, 43, 39
 1521, 81, 33, 34, 15, 74, 32, 67, 45, 33
   38, 18, 48, 90, 74, 82, 68, 81, 73, 80
  785, 14, 27, 46, 68, 86, 59, 84, 55, 53
  233, 17, 33, 53, 76, 82, 64, 82, 64, 67
   36, 76, 33, 34, 16, 77, 33, 76, 50, 36
  124, 16, 52, 80, 50, 84, 60, 80, 66, 72
  877, 14, 56, 35, 26, 78, 47, 72, 41, 37
   31, 17, 60, 72, 44, 76, 56, 70, 64, 73
 1692, 17, 42, 78, 69, 82, 59, 76, 68, 75
    7, 17, 43, 73, 63, 86, 53, 85, 64, 69
  901, 13, 52, 37, 24, 84, 45, 79, 43, 36
 1020, 12, 38, 60, 39, 75, 43, 64, 49, 52
 1315, 17, 69, 50, 33, 81, 65, 81, 52, 54
 1359, 80, 30, 32, 14, 75, 31, 71, 46, 33
 1518, 16, 31, 51, 69, 83, 63, 81, 63, 65
 1665, 50, 26, 24, 11, 70, 26, 67, 32, 26
 1290, 16, 49, 75, 51, 76, 58, 69, 65, 75
 1241, 15, 44, 71, 63, 83, 53, 82, 65, 73
  933, 15, 30, 67, 56, 80, 46, 71, 54, 61
  915, 14, 58, 42, 26, 82, 55, 82, 41, 41
  986, 12, 24, 39, 50, 79, 45, 73, 40, 47
 1645, 15, 33, 63, 71, 82, 55, 80, 63, 64
   43, 16, 67, 44, 29, 78, 64, 71, 48, 49
 1534, 16, 30, 49, 83, 87, 72, 85, 73, 65
 1535, 14, 32, 50, 76, 85, 69, 84, 68, 66
 1235, 15, 75, 52, 31, 83, 70, 80, 54, 58
 1045, 12, 28, 44, 66, 88, 52, 79, 57, 60
 1098, 15, 41, 59, 41, 77, 45, 69, 55, 63
 1688, 16, 70, 51, 46, 76, 64, 71, 57, 54
   52, 16, 36, 60, 87, 80, 74, 72, 73, 74
 1291, 17, 49, 79, 50, 83, 60, 78, 65, 80
 1295, 79, 31, 30, 16, 82, 31, 78, 44, 29
 1330, 15, 51, 72, 51, 86, 55, 82, 67, 70
  910, 13, 55, 38, 27, 68, 50, 70, 38, 42
  852, 14, 25, 50, 61, 91, 45, 87, 52, 53
  922, 14, 27, 48, 55, 82, 39, 76, 46, 46
  834, 14, 27, 41, 58, 86, 55, 82, 50, 51
 1006, 64, 27, 29, 15, 66, 27, 59, 32, 28
  856, 12, 57, 35, 26, 78, 48, 79, 42, 35
 1395, 68, 30, 33, 16, 74, 30, 74, 43, 33
 1519, 17, 30, 63, 72, 77, 52, 62, 65, 62
  193, 64, 33, 31, 15, 76, 29, 72, 41, 30
  740, 15, 47, 56, 33, 74, 42, 67, 50, 53
  369, 16, 51, 69, 51, 72, 55, 63, 62, 74
 1673, 13, 37, 55, 37, 80, 44, 74, 46, 56
 1323, 71, 31, 32, 17, 70, 32, 64, 44, 33
  781, 13, 65, 40, 26, 76, 54, 81, 51, 44
   27, 17, 67, 79, 44, 79, 61, 76, 64, 79
  835, 13, 55, 42, 30, 78, 50, 82, 46, 43
  971, 11, 53, 36, 26, 66, 47, 62, 46, 39
 1524, 16, 76, 52, 30, 81, 71, 80, 56, 59
 1618, 17, 31, 63, 75, 87, 55, 85, 67, 66
 1561, 15, 73, 52, 53, 83, 66, 80, 55, 55
  286, 15, 58, 66, 40, 83, 50, 80, 56, 66
  241, 17, 67, 48, 31, 80, 60, 75, 54, 50
 1582, 18, 48, 80, 71, 81, 60, 75, 69, 81
 1621, 81, 31, 33, 14, 84, 34, 81, 47, 33
 1263, 17, 49, 70, 48, 81, 52, 77, 62, 70
 1385, 14, 31, 64, 74, 72, 55, 61, 67, 64
 1629, 69, 32, 30, 14, 69, 30, 60, 43, 31
 1693, 16, 45, 73, 63, 79, 56, 70, 67, 72
 1735, 18, 34, 65, 77, 84, 57, 78, 69, 71
 1719, 86, 32, 35, 17, 84, 32, 78, 47, 34
 1136, 16, 35, 59, 51, 74, 47, 67, 55, 61
 1409, 14, 31, 51, 71, 82, 65, 80, 62, 64
  197, 16, 32, 52, 78, 78, 65, 69, 62, 62
  402, 14, 50, 68, 48, 80, 54, 74, 63, 71
   40, 18, 53, 72, 52, 80, 56, 77, 68, 71
  155, 15, 69, 41, 27, 80, 52, 79, 49, 44
 1556, 83, 34, 34, 16, 74, 31, 62, 44, 32
 1717, 14, 30, 64, 74, 81, 57, 80, 66, 64
  825, 14, 55, 40, 28, 80, 51, 79, 42, 44
  766, 13, 35, 54, 36, 80, 35, 80, 45, 48
  734, 66, 28, 27, 12, 62, 28, 52, 33, 30
 1137, 12, 42, 66, 43, 72, 49, 60, 55, 64
 1368, 17, 52, 82, 50, 77, 60, 71, 64, 81
 1015, 13, 54, 43, 27, 75, 53, 78, 42, 41
 1238, 15, 69, 80, 45, 84, 61, 83, 65, 81
  236, 15, 27, 56, 64, 83, 50, 79, 58, 55
 1203, 16, 63, 76, 44, 82, 56, 83, 65, 74
 1412, 72, 29, 32, 15, 70, 30, 64, 43, 31
  122, 15, 59, 73, 41, 81, 56, 76, 63, 74
 1163, 15, 72, 47, 32, 81, 63, 80, 48, 53
  294, 16, 67, 78, 46, 86, 60, 87, 69, 79
 1265, 16, 30, 50, 75, 83, 67, 75, 66, 62
 1651, 17, 48, 79, 51, 77, 58, 71, 64, 78
 1455, 16, 73, 49, 51, 79, 66, 71, 55, 58
  745, 14, 26, 41, 69, 81, 52, 71, 51, 51
  255, 16, 78, 57, 34, 78, 68, 70, 60, 59
  117, 16, 32, 63, 76, 83, 58, 81, 69, 66
 1239, 17, 50, 71, 52, 83, 56, 84, 67, 72
  407, 14, 70, 48, 32, 77, 63, 73, 54, 53
 1264, 14, 33, 49, 70, 71, 63, 58, 65, 62
  104, 14, 61, 72, 43, 69, 55, 53, 61, 71
 1501, 16, 78, 50, 32, 70, 70, 57, 56, 57
   19, 19, 36, 74, 85, 86, 60, 87, 70, 73
 1384, 17, 32, 49, 77, 86, 70, 84, 70, 62
 1306, 17, 49, 71, 48, 70, 54, 56, 62, 71
  799, 13, 53, 35, 23, 76, 45, 69, 35, 37
 1124, 69, 27, 30, 16, 83, 29, 78, 38, 28
  409, 14, 74, 48, 30, 78, 65, 77, 53, 53
  242, 15, 49, 66, 48, 84, 59, 87, 61, 65
  762, 14, 33, 65, 55, 72, 42, 83, 49, 60
 1697, 14, 32, 62, 74, 88, 57, 89, 65, 65
  225, 12, 60, 40, 29, 82, 54, 78, 46, 46
  226, 13, 42, 57, 42, 78, 41, 78, 49, 55
 1505, 17, 78, 48, 31, 83, 70, 80, 52, 60
 1343, 13, 71, 48, 31, 77, 64, 70, 55, 54
 1057, 13, 48, 55, 30, 80, 34, 72, 41, 48
 1605, 15, 62, 71, 41, 80, 54, 76, 64, 72
 1110, 14, 46, 65, 44, 84, 50, 80, 58, 67
 1230, 86, 34, 34, 18, 82, 34, 80, 45, 32
  337, 15, 70, 49, 34, 80, 63, 81, 55, 54
 1179, 66, 32, 29, 14, 66, 31, 59, 42, 29
 1652, 16, 42, 73, 65, 82, 56, 81, 65, 75
  370, 15, 73, 54, 31, 82, 62, 83, 54, 52
 1320, 16, 51, 73, 50, 84, 57, 83, 63, 75
 1679, 13, 26, 36, 52, 70, 49, 56, 46, 46
 1568, 16, 54, 83, 53, 83, 63, 82, 67, 84
  398, 14, 73, 53, 31, 85, 69, 85, 58, 62
  794, 13, 31, 52, 43, 77, 37, 74, 51, 60
  196, 17, 76, 53, 33, 74, 64, 66, 56, 53
 1591, 18, 76, 53, 35, 78, 71, 75, 59, 59
 1123, 16, 67, 45, 32, 69, 60, 58, 51, 49
 1354, 14, 32, 65, 79, 81, 59, 76, 72, 64
  182, 15, 59, 43, 29, 74, 59, 68, 45, 46
 1555, 15, 32, 57, 69, 81, 54, 77, 66, 65
  996, 14, 37, 62, 38, 74, 41, 60, 47, 60
  127, 13, 47, 68, 47, 77, 48, 70, 64, 66
  270, 16, 77, 56, 32, 77, 67, 72, 60, 54
  349, 15, 26, 51, 59, 83, 47, 79, 53, 53
 1460, 16, 42, 70, 59, 84, 55, 82, 65, 71
  247, 17, 31, 52, 66, 80, 70, 82, 63, 66
  983, 13, 50, 36, 25, 76, 44, 67, 39, 39
 1515, 16, 51, 78, 48, 84, 59, 83, 64, 79
 1382, 14, 42, 70, 58, 74, 55, 63, 62, 68
 1433, 18, 84, 53, 31, 79, 74, 78, 58, 62
 1151, 13, 40, 57, 40, 77, 44, 73, 53, 60
  116, 16, 85, 52, 32, 82, 62, 81, 55, 54
  314, 17, 73, 48, 51, 74, 60, 76, 51, 52
  914, 65, 24, 24, 14, 74, 25, 75, 31, 30
  759, 12, 54, 43, 27, 82, 56, 75, 45, 44
   18, 17, 83, 60, 34, 80, 70, 76, 63, 60
  929, 13, 57, 66, 35, 82, 45, 85, 53, 64
  158, 16, 40, 73, 65, 79, 53, 73, 59, 64
  876, 56, 25, 22, 14, 65, 25, 64, 36, 25
 1675, 13, 30, 61, 49, 80, 45, 73, 47, 59
 1674, 14, 49, 57, 30, 77, 45, 75, 49, 55
 1387, 77, 33, 32, 14, 81, 31, 79, 41, 32
 1127, 15, 68, 44, 29, 77, 65, 70, 46, 54
  815, 14, 27, 58, 68, 81, 41, 74, 53, 59
 1690, 14, 53, 82, 50, 83, 60, 81, 65, 83
 1437, 17, 81, 54, 56, 82, 73, 81, 57, 61
 1413, 15, 77, 48, 32, 80, 70, 80, 52, 59
  360, 69, 34, 33, 18, 68, 33, 62, 44, 32
 1158, 15, 29, 42, 68, 84, 62, 82, 62, 53
  771, 14, 26, 44, 50, 78, 38, 74, 44, 49
 1068, 60, 27, 28, 12, 68, 26, 69, 32, 25
   69, 75, 31, 29, 15, 74, 30, 64, 42, 32
  166, 16, 43, 59, 43, 84, 46, 79, 53, 60
  305, 72, 33, 31, 17, 65, 33, 53, 45, 31
 1565, 16, 54, 75, 52, 71, 55, 61, 69, 73
  830, 12, 65, 41, 27, 76, 55, 78, 43, 50
  810, 14, 58, 45, 31, 74, 48, 67, 48, 49
 1209, 14, 41, 78, 63, 85, 61, 83, 65, 81
  306, 15, 73, 51, 33, 82, 68, 80, 55, 56
  987, 55, 24, 27, 12, 74, 28, 79, 31, 27
  239, 14, 40, 63, 42, 79, 43, 77, 54, 54
  359, 18, 71, 51, 33, 80, 63, 78, 50, 52
  251, 15, 34, 54, 84, 85, 65, 79, 65, 66
 1500, 17, 77, 50, 31, 79, 68, 73, 57, 57
   71, 17, 71, 50, 32, 83, 60, 78, 55, 52
 1439, 16, 51, 82, 53, 80, 64, 72, 67, 82
  722, 14, 66, 41, 29, 75, 55, 78, 46, 46
  716, 16, 69, 44, 28, 76, 55, 79, 49, 49
  778, 12, 61, 46, 29, 81, 58, 74, 45, 53
 1069, 12, 63, 37, 26, 79, 51, 78, 36, 43
 1011, 12, 63, 36, 25, 82, 45, 69, 50, 41
 1574, 16, 75, 56, 54, 76, 70, 66, 60, 57
 1187, 15, 58, 68, 42, 81, 53, 76, 62, 67
   59, 17, 91, 61, 37, 76, 74, 68, 67, 68
   23, 16, 89, 63, 37, 80, 78, 75, 67, 62
   77, 15, 57, 70, 44, 82, 54, 75, 65, 73
    5, 74, 32, 29, 16, 69, 33, 65, 43, 32
  979, 10, 35, 60, 37, 86, 38, 82, 44, 49
   68, 16, 33, 51, 81, 85, 64, 85, 64, 67
 1013, 13, 61, 43, 25, 84, 48, 81, 50, 41
  111, 15, 50, 70, 49, 82, 55, 80, 64, 71
  744, 12, 28, 54, 61, 81, 42, 77, 56, 51
  334, 15, 34, 54, 74, 85, 63, 82, 65, 65
  774, 13, 60, 38, 26, 76, 50, 81, 39, 39
 1028, 59, 27, 30, 12, 66, 29, 63, 36, 28
   97, 17, 32, 59, 70, 86, 61, 83, 73, 67
 1196, 81, 32, 30, 17, 78, 31, 74, 41, 29
 1662, 16, 74, 50, 31, 81, 66, 82, 52, 58
 1188, 15, 42, 69, 57, 70, 50, 55, 63, 68
   37, 16, 83, 58, 35, 84, 69, 80, 57, 62
 1313, 17, 73, 49, 33, 68, 68, 54, 55, 56
 1129, 13, 59, 41, 39, 77, 57, 70, 45, 46
  792, 12, 45, 53, 35, 73, 43, 75, 50, 53
  894, 14, 29, 56, 49, 76, 41, 71, 45, 53
  291, 15, 49, 62, 46, 83, 48, 83, 58, 63
  373, 72, 30, 31, 16, 71, 30, 69, 44, 31
 1446, 18, 34, 67, 75, 87, 57, 87, 68, 67
 1314, 14, 68, 49, 33, 80, 63, 79, 53, 54
   26, 16, 80, 49, 32, 71, 70, 59, 52, 59
   88, 16, 77, 47, 31, 71, 68, 61, 52, 59
  307, 15, 78, 52, 30, 82, 62, 81, 56, 51
 1282, 15, 33, 53, 84, 72, 76, 59, 74, 68
 1089, 59, 28, 30, 13, 72, 30, 68, 35, 27
 1095, 14, 62, 42, 44, 76, 56, 70, 47, 45
 1699, 17, 30, 61, 73, 80, 56, 78, 64, 65
  231, 17, 82, 55, 32, 85, 65, 83, 59, 57
  347, 17, 61, 75, 41, 79, 57, 72, 66, 74
 1099, 14, 44, 59, 43, 80, 46, 81, 54, 59
 1166, 16, 64, 47, 47, 77, 59, 74, 50, 49
 1336, 16, 30, 61, 73, 86, 56, 89, 68, 65
  271, 68, 32, 31, 14, 85, 32, 84, 45, 34
 1192, 15, 30, 48, 68, 80, 63, 75, 62, 63
  406, 14, 31, 55, 68, 79, 50, 76, 58, 60
 1607, 15, 33, 50, 71, 86, 65, 86, 62, 62
  331, 14, 53, 62, 37, 82, 49, 82, 56, 64
  320, 16, 50, 80, 50, 84, 50, 83, 64, 63
 1390, 15, 74, 49, 32, 69, 66, 56, 54, 56
  118, 73, 33, 32, 14, 70, 33, 59, 45, 32
  162, 15, 43, 66, 46, 71, 42, 59, 59, 54
  332, 15, 49, 76, 52, 77, 53, 70, 63, 70
  813, 11, 26, 58, 65, 90, 49, 91, 54, 56
  308, 18, 82, 49, 33, 79, 63, 74, 55, 52
 1249, 18, 31, 57, 70, 78, 54, 71, 66, 67
 1223, 18, 45, 75, 62, 79, 58, 75, 70, 75
   89, 16, 59, 68, 40, 84, 52, 82, 61, 68
 1569, 16, 32, 52, 79, 80, 72, 70, 70, 68
 1310, 16, 30, 64, 74, 83, 57, 79, 68, 63
  821, 15, 47, 54, 34, 81, 42, 82, 54, 55
 1481, 17, 34, 66, 75, 75, 58, 63, 69, 64
  151, 15, 43, 62, 46, 84, 46, 82, 59, 59
  840, 12, 24, 55, 66, 85, 43, 74, 56, 54
  168, 16, 31, 44, 62, 80, 55, 72, 54, 55
  808, 15, 62, 41, 27, 86, 52, 81, 46, 43
  173, 14, 28, 52, 60, 87, 46, 85, 56, 55
 1292, 14, 30, 47, 70, 84, 64, 82, 64, 64
  296, 17, 77, 54, 34, 81, 72, 79, 57, 59
  292, 18, 54, 72, 53, 78, 51, 72, 63, 71
  293, 16, 31, 73, 82, 80, 52, 72, 65, 65
 1106, 15, 70, 48, 52, 83, 64, 81, 51, 53
 1423, 16, 51, 75, 49, 85, 58, 85, 65, 74
  897, 57, 27, 25, 15, 71, 26, 68, 35, 27
 1469, 16, 75, 52, 34, 76, 70, 69, 54, 56
  129, 71, 34, 32, 15, 71, 32, 57, 46, 32
  839, 14, 49, 58, 33, 81, 44, 78, 52, 59
 1093, 12, 62, 42, 30, 76, 55, 76, 47, 47
  941, 14, 45, 62, 44, 76, 46, 80, 53, 55
 1656, 14, 31, 62, 75, 84, 55, 83, 69, 64
  783, 16, 61, 41, 27, 74, 59, 76, 44, 49
 1619, 15, 32, 59, 73, 86, 59, 83, 66, 69
 1640, 13, 42, 68, 59, 77, 54, 70, 66, 69
 1287, 14, 44, 68, 59, 83, 52, 83, 64, 71
 1495, 14, 32, 70, 81, 76, 62, 66, 75, 64
   51, 18, 85, 62, 36, 84, 78, 79, 64, 64
  968, 48, 23, 24, 12, 64, 24, 60, 32, 23
 1293, 17, 30, 50, 73, 82, 66, 74, 67, 66
  387, 15, 48, 71, 48, 87, 54, 86, 65, 71
 1102, 13, 38, 71, 57, 81, 53, 82, 56, 69
  844, 12, 24, 43, 52, 81, 42, 84, 52, 52
 1513, 15, 41, 74, 62, 72, 57, 60, 62, 74
 1371, 17, 33, 51, 71, 85, 64, 84, 65, 67
 1464, 15, 30, 59, 68, 82, 53, 74, 65, 62
 1734, 15, 34, 63, 78, 83, 60, 81, 71, 69
  281, 13, 57, 44, 27, 76, 53, 73, 48, 46
 1485, 17, 73, 51, 53, 76, 66, 71, 56, 55
 1733, 18, 35, 55, 85, 85, 79, 85, 77, 71
  381, 70, 31, 32, 15, 79, 31, 75, 45, 30
 1701, 13, 71, 47, 32, 75, 64, 64, 54, 54
 1133, 13, 52, 61, 37, 82, 48, 79, 58, 60
  374, 17, 74, 50, 30, 77, 64, 71, 54, 55
 1514, 14, 67, 75, 42, 73, 55, 58, 62, 76
 1150, 12, 58, 41, 28, 77, 54, 71, 44, 46
 1134, 15, 42, 60, 41, 78, 47, 70, 55, 62
 1379, 17, 49, 75, 50, 76, 57, 72, 62, 75
  889, 15, 26, 53, 64, 86, 45, 88, 54, 52
 1545, 15, 51, 80, 48, 77, 59, 70, 64, 77
  938, 59, 28, 25, 14, 65, 28, 65, 40, 29
  357, 70, 33, 30, 16, 83, 31, 83, 45, 32
 1221, 17, 53, 84, 56, 84, 66, 83, 70, 86
 1228, 18, 32, 74, 84, 79, 63, 75, 78, 69
    6, 14, 78, 48, 32, 82, 65, 75, 51, 53
  893, 11, 40, 60, 36, 76, 43, 68, 51, 52
 1262, 14, 41, 77, 62, 87, 60, 84, 63, 79
  908, 58, 28, 25, 14, 64, 25, 53, 40, 29
 1575, 17, 86, 53, 63, 80, 76, 78, 59, 65
  388, 14, 32, 48, 78, 84, 59, 79, 61, 59
 1335, 16, 32, 64, 74, 85, 53, 88, 65, 64
 1594, 14, 76, 50, 32, 83, 67, 82, 51, 57
  341, 16, 48, 74, 49, 84, 53, 85, 64, 70
 1380, 16, 51, 68, 51, 73, 52, 63, 63, 71
 1171, 16, 44, 68, 46, 86, 53, 86, 61, 68
 1507, 14, 72, 47, 48, 77, 64, 73, 54, 53
  302, 13, 31, 41, 62, 83, 57, 86, 60, 56
 1140, 15, 28, 43, 68, 87, 65, 83, 63, 57
 1426, 14, 32, 62, 70, 87, 54, 84, 63, 65
 1178, 77, 31, 30, 14, 78, 31, 75, 39, 31
 1152, 14, 41, 68, 39, 71, 50, 55, 52, 69
 1615, 17, 46, 77, 66, 86, 58, 84, 69, 79
  209, 17, 75, 47, 31, 81, 56, 79, 51, 48
 1702, 15, 69, 49, 29, 81, 65, 75, 55, 52
 1156, 14, 51, 59, 37, 69, 44, 56, 53, 60
 1478, 15, 42, 79, 69, 81, 62, 75, 67, 79
 1331, 18, 45, 76, 62, 82, 58, 82, 67, 78
  935, 12, 25, 42, 61, 86, 57, 76, 53, 59
  801, 10, 54, 33, 25, 65, 50, 60, 40, 39
 1185, 15, 67, 47, 29, 81, 61, 81, 50, 52
  149, 16, 62, 46, 43, 72, 53, 57, 49, 47
 1172, 15, 31, 59, 72, 86, 55, 81, 66, 61
 1506, 17, 75, 50, 31, 73, 66, 61, 54, 56
 1389, 17, 73, 50, 30, 84, 66, 81, 51, 55
   94, 14, 50, 71, 48, 79, 50, 72, 59, 64
 1084, 12, 23, 56, 63, 83, 42, 76, 50, 54
 1021, 12, 42, 52, 35, 80, 45, 85, 50, 53
 1012, 15, 59, 38, 29, 81, 50, 74, 46, 40
 1391, 14, 71, 49, 32, 78, 62, 69, 54, 55
 1207, 15, 32, 58, 70, 88, 55, 86, 63, 66
  928, 15, 66, 41, 27, 83, 57, 77, 50, 51
  384, 17, 72, 52, 49, 82, 65, 81, 55, 55
 1440, 17, 52, 78, 52, 85, 61, 87, 68, 77
 1596, 16, 71, 51, 32, 80, 62, 83, 55, 53
 1475, 18, 53, 77, 52, 73, 57, 60, 65, 76
 1130, 14, 67, 44, 44, 76, 59, 66, 48, 49
 1104, 13, 27, 42, 62, 70, 57, 59, 56, 56
 1392, 15, 69, 48, 33, 76, 65, 71, 53, 52
   86, 16, 71, 55, 32, 77, 72, 70, 56, 55
  768, 13, 28, 60, 51, 72, 37, 67, 44, 54
 1617, 18, 33, 53, 78, 82, 70, 80, 73, 67
 1233, 82, 34, 32, 15, 78, 31, 76, 43, 32
 1332, 18, 46, 76, 61, 84, 59, 83, 67, 77
 1090, 70, 29, 27, 13, 76, 29, 69, 38, 29
 1480, 17, 32, 51, 70, 86, 66, 85, 65, 67
 1417, 15, 71, 50, 49, 80, 63, 76, 54, 54
 1352, 15, 30, 48, 69, 77, 63, 72, 66, 64
 1212, 17, 30, 61, 74, 85, 56, 85, 69, 62
 1492, 15, 31, 51, 71, 79, 65, 73, 66, 66
  330, 16, 32, 48, 74, 81, 58, 77, 60, 64
 1254, 15, 72, 47, 53, 80, 65, 73, 55, 53
 1730, 16, 68, 79, 48, 84, 61, 79, 68, 82
 1622, 74, 34, 32, 18, 73, 34, 66, 44, 31
 1571, 16, 31, 62, 73, 85, 57, 86, 67, 67
 1610, 16, 52, 85, 53, 84, 63, 80, 68, 85
 1143, 57, 27, 28, 14, 71, 28, 70, 37, 28
 1695, 16, 32, 52, 80, 84, 72, 75, 73, 65
 1277, 17, 43, 76, 67, 75, 56, 62, 68, 75
 1344, 16, 68, 49, 33, 84, 63, 83, 54, 52
 1355, 16, 30, 61, 74, 88, 55, 87, 68, 63
 1376, 16, 77, 48, 57, 79, 70, 80, 53, 62
 1377, 15, 48, 78, 47, 76, 59, 65, 62, 78
  130, 14, 54, 78, 50, 77, 53, 73, 62, 71
 1658, 80, 32, 30, 16, 81, 32, 78, 40, 32
 1040, 16, 35, 64, 53, 87, 42, 83, 55, 65
  159, 14, 29, 43, 69, 85, 61, 78, 62, 56
 1712, 14, 44, 71, 60, 81, 52, 80, 63, 68
  811, 13, 36, 65, 56, 81, 47, 86, 53, 61
 1204, 14, 49, 71, 49, 83, 54, 83, 64, 69
  252, 14, 74, 53, 34, 80, 66, 72, 58, 55
  362, 15, 35, 55, 75, 83, 67, 81, 68, 66
 1218, 16, 80, 56, 32, 80, 73, 74, 59, 60
 1490, 16, 44, 72, 64, 82, 56, 76, 67, 71
 1026, 11, 25, 55, 64, 89, 46, 88, 51, 55
 1132, 15, 39, 64, 53, 81, 51, 79, 55, 65
 1201, 14, 74, 51, 54, 71, 67, 62, 53, 58
  315, 15, 45, 59, 46, 78, 42, 71, 50, 56
  769, 14, 41, 48, 29, 78, 38, 80, 46, 49
  727, 14, 63, 44, 30, 84, 58, 80, 52, 45
 1467, 17, 73, 51, 30, 83, 67, 80, 56, 54
 1585, 16, 32, 55, 80, 86, 72, 86, 75, 69
 1550, 15, 75, 48, 29, 83, 68, 77, 54, 57
 1551, 15, 72, 50, 32, 67, 68, 54, 54, 57
 1491, 18, 64, 77, 45, 85, 59, 80, 64, 77
 1147, 13, 60, 43, 42, 68, 55, 55, 44, 46
 1602, 15, 42, 68, 56, 84, 53, 80, 64, 70
 1653, 16, 41, 69, 57, 83, 53, 79, 64, 69
 1202, 16, 73, 48, 49, 83, 68, 81, 53, 55
  190, 16, 32, 51, 66, 87, 60, 86, 62, 58
 1160, 64, 31, 28, 14, 65, 29, 55, 41, 28
  976, 13, 35, 59, 36, 80, 43, 80, 47, 48
   96, 15, 54, 74, 48, 83, 55, 81, 64, 70
  919, 13, 36, 58, 42, 85, 42, 79, 48, 58
  836, 12, 25, 42, 63, 90, 55, 84, 53, 56
  776, 14, 69, 44, 27, 84, 59, 83, 47, 45
  907, 55, 24, 23, 11, 68, 23, 69, 26, 23
  138, 15, 62, 44, 42, 83, 53, 82, 50, 44
 1633, 15, 69, 50, 30, 79, 63, 72, 54, 53
 1304, 15, 44, 76, 64, 79, 55, 72, 65, 75
 1197, 68, 31, 32, 14, 72, 29, 72, 43, 30
 1225, 15, 35, 72, 82, 87, 61, 88, 75, 71
 1244, 16, 45, 76, 67, 80, 56, 74, 66, 75
 1628, 81, 30, 31, 17, 81, 31, 82, 44, 31
 1680, 13, 26, 45, 52, 82, 39, 80, 50, 48
 1708, 17, 51, 80, 48, 86, 60, 87, 65, 80
 1581, 15, 47, 80, 71, 80, 62, 77, 68, 79
 1269, 76, 31, 32, 16, 76, 32, 77, 45, 32
 1445, 15, 33, 54, 82, 80, 76, 73, 74, 67
  101, 17, 32, 62, 75, 79, 51, 74, 58, 63
 1327, 14, 72, 49, 31, 76, 67, 70, 57, 54
 1636, 17, 51, 73, 51, 81, 57, 78, 63, 76
  304, 15, 44, 64, 45, 78, 46, 76, 53, 58
 1126, 16, 59, 42, 28, 82, 54, 76, 46, 48
  909, 13, 64, 38, 28, 81, 52, 81, 45, 43
 1139, 13, 28, 42, 67, 87, 60, 86, 62, 56
 1237, 16, 80, 49, 31, 76, 73, 64, 57, 62
 1184, 15, 66, 47, 43, 81, 63, 79, 52, 53
  184, 13, 43, 72, 43, 73, 56, 57, 67, 73
   87, 17, 33, 53, 81, 85, 67, 82, 73, 71
  849, 14, 54, 40, 27, 77, 53, 77, 40, 45
 1525, 18, 72, 50, 31, 77, 64, 68, 55, 55
 1301, 15, 76, 48, 50, 84, 68, 83, 54, 55
 1537, 17, 32, 61, 72, 84, 54, 85, 66, 65
