PLAYERNUMBER,KEEPING,TACKLING,PASSING,SHOOTING,PACE,HEADING,STAMINA,SETPIECES,BALLCONTROL
  352, 18, 51, 79, 51, 83, 60, 78, 69, 80
  355, 14, 34, 54, 80, 80, 69, 77, 72, 67
  344, 18, 78, 51, 32, 80, 70, 79, 57, 59
  345, 16, 76, 51, 31, 81, 68, 81, 57, 56
  346, 15, 83, 53, 33, 82, 76, 80, 58, 64
  347, 17, 77, 53, 55, 82, 70, 81, 58, 59
  348, 16, 76, 51, 50, 85, 68, 85, 55, 56
  349, 16, 51, 73, 53, 79, 56, 73, 68, 73
  351, 18, 54, 83, 53, 82, 64, 81, 67, 83
  343, 84, 33, 32, 18, 81, 34, 81, 43, 33
  353, 18, 44, 74, 62, 82, 57, 75, 68, 73
  354, 17, 51, 76, 51, 80, 57, 76, 69, 74
  360, 15, 32, 62, 73, 85, 55, 85, 69, 68
  359, 17, 33, 63, 74, 87, 55, 84, 69, 68
  358, 15, 32, 64, 73, 81, 57, 76, 67, 67
  357, 15, 31, 54, 84, 87, 76, 83, 76, 68
  356, 15, 32, 62, 73, 84, 56, 81, 67, 66
  350, 15, 70, 80, 47, 84, 59, 83, 67, 77
 1681, 17, 78, 55, 32, 83, 68, 79, 58, 59
 1691, 17, 35, 66, 77, 77, 60, 68, 70, 70
 1682, 17, 86, 53, 34, 84, 77, 80, 57, 65
 1683, 16, 79, 56, 32, 80, 74, 78, 57, 62
 1684, 18, 83, 55, 32, 71, 73, 61, 56, 62
 1685, 17, 46, 77, 63, 84, 58, 85, 68, 75
 1686, 17, 54, 86, 55, 81, 67, 76, 70, 87
 1687, 15, 54, 81, 53, 86, 61, 83, 71, 79
 1688, 15, 53, 76, 52, 84, 59, 82, 68, 75
 1690, 17, 32, 62, 76, 77, 58, 67, 68, 69
 1692, 16, 33, 67, 77, 81, 60, 75, 71, 69
 1693, 15, 32, 63, 75, 84, 57, 80, 69, 71
 1694, 16, 32, 53, 87, 86, 76, 80, 79, 71
 1695, 17, 32, 55, 81, 81, 74, 73, 74, 70
 1678, 87, 35, 32, 16, 77, 35, 67, 46, 35
 1679, 75, 33, 33, 16, 75, 33, 72, 47, 34
 1680, 18, 76, 55, 34, 77, 68, 74, 59, 59
 1689, 16, 47, 82, 70, 86, 60, 82, 71, 80
 2418, 15, 49, 71, 50, 76, 56, 66, 66, 73
 2409, 17, 74, 51, 34, 77, 65, 73, 54, 56
 2410, 16, 73, 49, 51, 72, 66, 63, 55, 55
 2411, 14, 74, 49, 33, 79, 67, 72, 54, 57
 2412, 15, 70, 49, 33, 69, 65, 57, 55, 55
 2414, 17, 72, 52, 31, 73, 66, 67, 53, 55
 2408, 71, 31, 32, 15, 72, 31, 74, 45, 33
 2417, 17, 52, 72, 51, 80, 56, 75, 67, 71
 2413, 17, 73, 49, 31, 75, 64, 69, 55, 54
 2419, 14, 52, 74, 50, 87, 54, 84, 66, 71
 2420, 15, 52, 72, 52, 78, 56, 73, 65, 73
 2421, 15, 31, 58, 71, 84, 54, 82, 66, 67
 2422, 16, 33, 49, 73, 87, 67, 85, 67, 64
 2423, 16, 30, 60, 72, 78, 54, 70, 67, 65
 2424, 18, 31, 64, 73, 88, 56, 85, 64, 67
 2416, 14, 50, 73, 50, 84, 55, 79, 67, 73
 2407, 70, 30, 30, 17, 72, 31, 73, 45, 31
 2415, 17, 50, 71, 51, 81, 57, 76, 64, 70
 2291, 16, 50, 76, 48, 78, 57, 72, 62, 73
 2282, 16, 79, 49, 31, 79, 70, 78, 53, 61
 2283, 17, 74, 51, 53, 81, 69, 75, 54, 56
 2284, 17, 73, 49, 32, 77, 69, 71, 55, 57
 2285, 15, 70, 48, 50, 82, 64, 81, 51, 53
 2286, 14, 71, 48, 47, 83, 64, 82, 54, 52
 2281, 71, 31, 32, 14, 73, 29, 72, 43, 29
 2289, 14, 42, 70, 59, 84, 54, 80, 65, 71
 2288, 16, 48, 70, 49, 78, 52, 67, 64, 71
 2292, 16, 44, 77, 64, 71, 61, 57, 64, 78
 2293, 17, 47, 73, 47, 77, 55, 71, 65, 73
 2294, 16, 32, 49, 80, 83, 70, 77, 70, 63
 2295, 14, 30, 51, 76, 86, 66, 81, 69, 63
 2296, 15, 33, 59, 71, 85, 53, 83, 65, 62
 2297, 16, 31, 47, 69, 83, 64, 83, 64, 63
 2287, 15, 68, 49, 31, 77, 63, 75, 52, 52
 2290, 15, 42, 70, 61, 71, 54, 55, 63, 71
 2280, 77, 33, 30, 14, 85, 31, 84, 41, 32
  171, 15, 52, 80, 54, 84, 63, 84, 70, 79
  178, 15, 34, 54, 76, 89, 69, 84, 69, 69
  177, 16, 35, 54, 80, 88, 74, 84, 72, 71
  176, 15, 35, 72, 87, 84, 66, 81, 77, 71
  175, 18, 48, 76, 64, 82, 60, 83, 71, 77
  174, 15, 48, 75, 63, 85, 59, 83, 69, 76
  172, 17, 52, 86, 56, 84, 64, 84, 70, 87
  180, 16, 33, 66, 78, 73, 58, 63, 69, 69
  170, 17, 77, 53, 56, 84, 68, 85, 57, 57
  169, 15, 75, 54, 49, 83, 69, 81, 58, 59
  168, 15, 76, 54, 50, 76, 69, 68, 59, 60
  167, 18, 78, 54, 33, 71, 71, 57, 56, 57
  166, 15, 81, 52, 32, 71, 75, 56, 60, 61
  165, 18, 82, 56, 33, 75, 73, 67, 60, 61
  164, 18, 85, 54, 33, 78, 76, 72, 58, 66
  173, 18, 55, 82, 53, 84, 61, 81, 71, 81
  163, 84, 35, 33, 15, 84, 33, 84, 47, 34
  179, 18, 34, 66, 78, 76, 59, 66, 69, 70
  785, 16, 54, 80, 54, 84, 58, 84, 71, 80
  777, 86, 32, 35, 18, 74, 33, 66, 48, 35
  779, 18, 85, 57, 33, 85, 74, 83, 58, 61
  780, 16, 79, 55, 32, 77, 71, 74, 60, 60
  781, 18, 80, 55, 60, 84, 70, 79, 59, 61
  782, 17, 89, 54, 60, 85, 81, 84, 61, 67
  793, 17, 32, 63, 78, 80, 60, 74, 71, 70
  783, 19, 57, 88, 54, 85, 67, 85, 73, 86
  792, 17, 34, 67, 78, 83, 59, 80, 71, 72
  776, 78, 33, 32, 18, 74, 35, 75, 47, 36
  786, 16, 49, 77, 67, 84, 60, 80, 70, 81
  787, 16, 66, 77, 47, 84, 59, 81, 70, 80
  788, 18, 46, 85, 69, 79, 62, 76, 73, 83
  789, 17, 54, 85, 57, 86, 62, 83, 72, 83
  790, 17, 36, 56, 87, 87, 79, 87, 78, 73
  791, 16, 32, 57, 84, 85, 74, 79, 77, 70
  784, 19, 49, 80, 72, 82, 61, 73, 72, 77
  778, 16, 85, 54, 35, 80, 76, 75, 61, 63
 1535, 17, 73, 49, 29, 80, 66, 79, 52, 55
 1550, 13, 32, 48, 75, 74, 71, 57, 71, 63
 1533, 76, 30, 32, 15, 73, 32, 62, 39, 29
 1534, 14, 70, 49, 28, 79, 65, 73, 52, 56
 1536, 16, 68, 48, 32, 72, 61, 60, 52, 51
 1537, 14, 68, 47, 31, 71, 60, 58, 53, 54
 1538, 17, 69, 48, 46, 74, 63, 63, 53, 51
 1539, 16, 47, 78, 47, 84, 58, 80, 61, 75
 1540, 15, 47, 67, 47, 83, 50, 85, 62, 68
 1547, 16, 29, 46, 74, 81, 65, 74, 64, 63
 1545, 16, 78, 49, 55, 72, 70, 66, 54, 58
 1544, 16, 41, 71, 61, 74, 56, 64, 62, 72
 1543, 15, 40, 72, 61, 86, 55, 86, 63, 72
 1549, 14, 31, 57, 68, 84, 52, 86, 60, 63
 1542, 13, 49, 68, 47, 76, 52, 69, 60, 67
 1541, 15, 49, 69, 49, 76, 51, 66, 60, 68
 1548, 15, 29, 54, 66, 84, 50, 85, 63, 63
 1546, 17, 29, 49, 69, 84, 61, 84, 61, 60
  278, 18, 86, 56, 62, 82, 78, 82, 62, 66
  283, 17, 49, 86, 72, 84, 65, 81, 75, 86
  271, 92, 36, 35, 18, 80, 35, 82, 48, 35
  274, 17, 81, 59, 35, 78, 72, 75, 61, 61
  276, 18, 80, 56, 53, 84, 74, 81, 61, 61
  277, 17, 81, 57, 60, 81, 74, 75, 63, 62
  273, 19, 84, 58, 34, 73, 78, 58, 62, 65
  279, 15, 89, 59, 34, 74, 82, 67, 61, 68
  280, 17, 56, 80, 57, 72, 61, 62, 71, 82
  281, 17, 57, 91, 57, 73, 67, 56, 75, 89
  282, 19, 48, 83, 73, 85, 63, 81, 74, 81
  288, 15, 33, 67, 80, 83, 62, 73, 72, 75
  287, 17, 36, 75, 88, 85, 63, 78, 75, 74
  286, 19, 36, 59, 81, 83, 81, 77, 82, 75
  285, 15, 33, 57, 87, 75, 78, 59, 78, 75
  284, 16, 49, 84, 69, 85, 63, 81, 75, 84
  272, 82, 36, 33, 19, 69, 35, 60, 50, 36
  275, 17, 82, 58, 33, 84, 74, 81, 62, 61
  224, 15, 47, 76, 48, 79, 58, 68, 63, 78
  217, 75, 29, 31, 13, 74, 30, 61, 40, 31
  218, 15, 69, 46, 32, 81, 62, 85, 50, 50
  219, 14, 76, 49, 30, 80, 70, 71, 53, 58
  220, 16, 49, 67, 48, 80, 55, 77, 61, 72
  221, 14, 69, 48, 29, 81, 63, 81, 51, 53
  222, 14, 73, 47, 29, 77, 65, 72, 51, 54
  223, 16, 42, 66, 58, 81, 51, 78, 63, 69
  225, 15, 41, 71, 63, 82, 56, 83, 63, 73
  226, 16, 42, 68, 60, 83, 51, 83, 62, 66
  227, 15, 48, 69, 47, 82, 53, 78, 61, 69
  228, 14, 50, 73, 46, 72, 55, 57, 63, 72
  233, 14, 31, 58, 66, 82, 52, 78, 63, 63
  234, 16, 30, 53, 66, 80, 51, 75, 63, 62
  232, 17, 31, 48, 69, 84, 62, 87, 62, 64
  231, 15, 30, 48, 78, 82, 70, 74, 70, 62
  230, 14, 32, 62, 73, 75, 56, 59, 64, 62
  229, 14, 49, 69, 46, 76, 52, 63, 62, 67
  126, 18, 35, 75, 84, 82, 64, 75, 74, 71
  110, 16, 78, 54, 35, 84, 70, 84, 59, 60
  122, 16, 46, 84, 73, 74, 62, 63, 71, 82
  121, 19, 49, 87, 75, 84, 68, 83, 70, 88
  120, 17, 49, 79, 69, 85, 61, 85, 72, 77
  119, 17, 55, 78, 57, 77, 60, 69, 73, 77
  118, 18, 54, 85, 57, 77, 64, 68, 72, 84
  117, 18, 54, 81, 56, 83, 62, 74, 73, 80
  116, 16, 55, 80, 57, 85, 59, 81, 72, 80
  112, 16, 82, 56, 33, 84, 75, 82, 60, 62
  111, 15, 86, 54, 36, 76, 81, 71, 59, 67
  123, 17, 34, 68, 79, 85, 59, 82, 71, 72
  124, 15, 33, 54, 89, 88, 79, 84, 79, 70
  114, 18, 85, 54, 61, 76, 75, 68, 59, 65
  113, 17, 78, 54, 33, 80, 71, 81, 60, 59
  109, 88, 36, 34, 19, 77, 33, 71, 48, 33
  125, 18, 35, 55, 79, 85, 73, 79, 70, 70
  115, 17, 80, 56, 60, 76, 70, 68, 61, 61
  843, 18, 48, 81, 70, 80, 63, 71, 73, 80
  839, 16, 89, 57, 36, 77, 79, 70, 61, 67
  847, 18, 33, 70, 81, 83, 60, 81, 75, 72
  846, 16, 35, 58, 92, 82, 80, 75, 82, 75
  845, 15, 47, 83, 67, 74, 62, 57, 72, 82
  844, 18, 36, 59, 84, 82, 77, 76, 77, 72
  834, 18, 82, 58, 34, 82, 75, 83, 61, 61
  841, 17, 57, 86, 57, 84, 64, 83, 75, 86
  840, 15, 56, 87, 58, 81, 65, 80, 73, 87
  830, 89, 34, 35, 18, 81, 33, 79, 50, 35
  838, 17, 78, 88, 51, 79, 67, 71, 75, 88
  837, 16, 86, 59, 35, 76, 77, 71, 62, 65
  835, 16, 87, 57, 57, 80, 78, 75, 62, 67
  833, 18, 80, 56, 35, 79, 75, 77, 62, 61
  832, 18, 81, 56, 35, 83, 71, 83, 61, 61
  831, 82, 33, 36, 17, 75, 35, 73, 50, 33
  842, 17, 58, 80, 58, 86, 63, 84, 73, 81
  836, 17, 83, 58, 56, 81, 75, 81, 60, 62
  148, 18, 74, 54, 31, 78, 69, 71, 58, 57
  151, 17, 78, 52, 32, 84, 70, 82, 55, 59
  150, 15, 78, 52, 52, 83, 73, 79, 57, 59
  145, 76, 31, 31, 16, 75, 33, 72, 45, 31
  160, 18, 32, 53, 75, 87, 67, 84, 68, 67
  154, 17, 54, 76, 54, 81, 56, 78, 66, 75
  155, 16, 52, 75, 54, 83, 58, 83, 69, 76
  152, 18, 84, 52, 32, 83, 77, 81, 56, 63
  149, 15, 75, 53, 31, 75, 69, 70, 56, 56
  147, 14, 75, 53, 50, 74, 66, 67, 56, 55
  156, 18, 54, 79, 54, 85, 61, 81, 67, 77
  157, 15, 46, 80, 70, 86, 58, 84, 69, 80
  158, 14, 46, 81, 67, 76, 65, 69, 69, 81
  159, 15, 32, 52, 84, 83, 77, 80, 75, 66
  162, 14, 32, 66, 77, 85, 58, 87, 73, 66
  146, 85, 32, 31, 17, 81, 33, 74, 43, 32
  161, 15, 33, 65, 75, 79, 58, 72, 67, 67
  153, 14, 53, 75, 51, 70, 55, 56, 68, 74
   91, 80, 33, 32, 15, 82, 33, 76, 44, 34
  108, 16, 32, 57, 71, 82, 55, 77, 66, 66
  107, 17, 32, 49, 83, 88, 72, 87, 72, 65
  106, 18, 34, 62, 77, 83, 57, 82, 71, 65
   99, 16, 52, 70, 49, 79, 53, 74, 67, 71
  100, 16, 51, 71, 49, 79, 54, 73, 64, 72
  101, 16, 49, 73, 49, 78, 53, 71, 67, 71
  102, 14, 63, 72, 44, 83, 54, 82, 67, 71
  105, 16, 32, 50, 72, 82, 65, 81, 66, 67
  104, 16, 43, 75, 63, 83, 60, 82, 65, 78
   92, 17, 75, 50, 31, 77, 69, 68, 56, 57
   93, 15, 76, 53, 53, 84, 71, 83, 54, 58
   94, 17, 73, 50, 33, 73, 64, 61, 54, 56
   95, 15, 72, 50, 31, 76, 68, 73, 54, 54
   96, 17, 70, 51, 34, 83, 64, 81, 57, 55
   97, 14, 83, 52, 30, 76, 73, 71, 54, 61
   98, 15, 51, 82, 49, 79, 61, 69, 66, 81
  103, 14, 45, 78, 67, 80, 60, 73, 65, 78
   65, 15, 46, 68, 48, 80, 52, 79, 62, 68
   57, 14, 73, 48, 52, 67, 66, 55, 50, 54
   59, 16, 68, 49, 46, 67, 63, 53, 52, 52
   58, 16, 72, 46, 32, 78, 64, 73, 51, 54
   71, 14, 29, 67, 75, 86, 59, 84, 68, 61
   70, 15, 29, 50, 68, 83, 63, 81, 61, 63
   69, 17, 31, 48, 70, 86, 65, 84, 65, 63
   68, 17, 30, 46, 66, 82, 63, 80, 60, 62
   72, 15, 30, 57, 67, 79, 51, 70, 63, 62
   66, 16, 48, 74, 49, 73, 55, 64, 60, 72
   64, 14, 48, 67, 49, 78, 52, 72, 62, 68
   55, 78, 31, 29, 14, 72, 32, 61, 43, 31
   56, 66, 30, 31, 15, 75, 29, 71, 41, 31
   63, 14, 39, 75, 61, 84, 57, 84, 61, 77
   62, 14, 69, 48, 29, 80, 61, 77, 53, 54
   61, 16, 69, 48, 32, 79, 63, 80, 50, 53
   60, 15, 77, 47, 32, 78, 70, 74, 50, 57
   67, 15, 42, 73, 64, 80, 54, 78, 60, 72
  290, 69, 30, 33, 15, 73, 29, 72, 44, 32
  298, 14, 42, 74, 64, 76, 57, 71, 64, 73
  299, 14, 44, 74, 62, 80, 55, 76, 62, 74
  300, 17, 50, 68, 50, 76, 54, 69, 64, 70
  295, 15, 69, 48, 46, 72, 65, 64, 51, 55
  296, 15, 49, 69, 49, 76, 52, 71, 65, 70
  301, 17, 50, 77, 49, 84, 61, 85, 63, 77
  297, 17, 41, 70, 61, 86, 55, 85, 64, 69
  303, 15, 33, 49, 80, 76, 70, 65, 71, 64
  306, 16, 33, 59, 71, 82, 54, 81, 65, 62
  305, 14, 30, 51, 76, 78, 66, 65, 66, 64
  292, 15, 72, 47, 30, 73, 69, 65, 54, 57
  304, 15, 30, 62, 73, 79, 54, 75, 62, 64
  302, 16, 50, 71, 51, 83, 51, 78, 64, 69
  289, 79, 30, 33, 15, 74, 32, 70, 43, 33
  291, 15, 71, 48, 29, 81, 63, 79, 54, 52
  293, 16, 74, 51, 30, 80, 68, 72, 54, 55
  294, 15, 78, 49, 32, 85, 70, 82, 55, 58
   14, 17, 30, 59, 69, 74, 53, 58, 62, 62
   10, 14, 47, 74, 48, 83, 54, 82, 62, 70
    7, 14, 78, 46, 31, 80, 69, 77, 52, 60
    8, 15, 43, 75, 65, 84, 59, 82, 63, 76
    9, 13, 40, 73, 63, 84, 55, 80, 60, 74
    6, 16, 66, 47, 32, 80, 63, 79, 50, 51
    4, 13, 74, 48, 52, 76, 64, 69, 52, 56
   11, 17, 48, 68, 49, 84, 53, 82, 61, 66
   16, 16, 30, 49, 68, 86, 60, 82, 61, 60
   17, 15, 32, 48, 68, 82, 62, 74, 63, 60
   15, 14, 32, 59, 68, 78, 52, 69, 61, 63
    5, 14, 67, 48, 30, 79, 64, 79, 52, 53
    3, 14, 73, 48, 30, 79, 65, 77, 50, 55
    2, 66, 31, 30, 16, 75, 30, 71, 42, 29
    1, 78, 29, 30, 14, 74, 32, 66, 41, 31
   18, 16, 29, 65, 76, 77, 58, 67, 68, 63
   13, 14, 30, 48, 72, 86, 66, 84, 67, 62
   12, 16, 49, 69, 49, 72, 51, 57, 63, 68
 2075, 17, 37, 75, 84, 85, 65, 83, 75, 74
 2063, 17, 88, 59, 60, 72, 78, 57, 63, 65
 2069, 17, 49, 88, 73, 73, 67, 59, 74, 87
 2062, 17, 88, 59, 33, 81, 81, 81, 63, 66
 2061, 16, 93, 57, 35, 78, 83, 75, 65, 71
 2065, 16, 85, 59, 59, 71, 76, 57, 65, 63
 2066, 18, 60, 94, 59, 73, 72, 60, 75, 92
 2067, 18, 60, 82, 60, 74, 63, 59, 76, 84
 2068, 18, 52, 87, 77, 83, 66, 84, 75, 89
 2064, 18, 82, 60, 37, 81, 77, 81, 64, 64
 2070, 18, 61, 84, 58, 85, 62, 81, 74, 83
 2071, 18, 72, 83, 51, 73, 62, 61, 77, 84
 2072, 18, 58, 84, 60, 74, 61, 63, 76, 83
 2074, 16, 36, 57, 84, 87, 76, 86, 74, 74
 2076, 19, 34, 77, 89, 89, 65, 88, 80, 76
 2059, 91, 33, 34, 18, 80, 36, 76, 49, 33
 2060, 17, 81, 57, 35, 79, 75, 74, 65, 64
 2073, 16, 34, 58, 93, 77, 82, 69, 82, 74
  376, 17, 30, 50, 75, 82, 70, 79, 68, 64
 3258, 16, 31, 50, 70, 87, 64, 84, 67, 66
  361, 82, 33, 33, 16, 79, 34, 80, 42, 32
  362, 70, 34, 30, 16, 75, 32, 70, 42, 32
  364, 15, 70, 51, 30, 81, 65, 80, 56, 54
  366, 14, 75, 50, 34, 74, 71, 70, 55, 57
  365, 16, 71, 49, 33, 83, 64, 78, 55, 56
  374, 14, 45, 81, 68, 81, 62, 77, 67, 82
  371, 17, 51, 70, 50, 76, 57, 70, 67, 73
  370, 16, 51, 76, 52, 82, 59, 81, 67, 78
  369, 17, 73, 51, 52, 83, 64, 81, 56, 53
  378, 17, 30, 66, 80, 79, 63, 66, 73, 65
  368, 14, 75, 51, 32, 69, 69, 57, 55, 57
  367, 15, 80, 50, 32, 80, 73, 75, 56, 63
  377, 14, 31, 52, 74, 79, 65, 66, 66, 64
  373, 16, 64, 77, 43, 82, 60, 79, 66, 76
  372, 18, 45, 70, 61, 79, 57, 71, 65, 71
  375, 15, 50, 71, 50, 83, 57, 79, 67, 74
   80, 15, 73, 51, 32, 83, 68, 82, 53, 56
   89, 17, 30, 48, 73, 79, 69, 69, 69, 62
   88, 17, 32, 50, 69, 86, 62, 85, 64, 62
   90, 17, 31, 49, 81, 82, 73, 76, 73, 64
   87, 17, 30, 59, 70, 82, 52, 75, 64, 63
   78, 14, 71, 49, 52, 76, 64, 73, 55, 52
   85, 16, 50, 76, 49, 74, 58, 66, 66, 74
   82, 17, 58, 69, 42, 79, 51, 72, 65, 72
   79, 17, 76, 49, 33, 83, 69, 81, 52, 55
   74, 70, 31, 32, 17, 71, 31, 71, 41, 31
   84, 17, 41, 73, 61, 78, 58, 72, 64, 73
   81, 17, 51, 68, 49, 79, 51, 71, 63, 68
   77, 15, 71, 47, 47, 77, 63, 72, 52, 53
   73, 78, 33, 32, 14, 82, 33, 83, 43, 32
   76, 16, 79, 50, 31, 77, 71, 73, 54, 62
   83, 15, 49, 71, 50, 76, 55, 63, 63, 68
   75, 14, 71, 48, 30, 80, 62, 74, 55, 53
   86, 17, 42, 78, 64, 86, 59, 86, 65, 79
 1132, 13, 32, 49, 75, 83, 70, 81, 71, 63
 1125, 17, 78, 48, 56, 78, 69, 74, 53, 58
 1122, 16, 72, 48, 30, 70, 67, 61, 50, 55
 1121, 16, 72, 46, 29, 80, 66, 80, 53, 53
 1120, 67, 30, 29, 17, 66, 30, 58, 40, 29
 1119, 78, 30, 32, 17, 79, 30, 74, 40, 30
 1123, 15, 69, 46, 30, 81, 61, 84, 51, 51
 1131, 16, 48, 71, 46, 84, 55, 84, 61, 72
 1124, 17, 68, 49, 45, 79, 60, 80, 51, 51
 1133, 16, 31, 49, 72, 76, 65, 67, 64, 61
 1126, 14, 48, 66, 50, 79, 52, 72, 60, 68
 1127, 16, 47, 69, 49, 72, 50, 63, 61, 67
 1128, 14, 41, 77, 62, 82, 59, 80, 62, 75
 1129, 16, 43, 71, 61, 82, 54, 84, 62, 73
 1136, 15, 29, 53, 66, 79, 50, 70, 62, 61
 1135, 15, 29, 56, 66, 84, 51, 85, 61, 62
 1130, 14, 47, 68, 49, 83, 53, 78, 61, 67
 1134, 14, 32, 60, 69, 82, 51, 83, 60, 64
 1098, 15, 30, 66, 81, 78, 59, 71, 72, 63
 1097, 14, 29, 62, 71, 86, 53, 87, 65, 62
 1099, 15, 29, 50, 69, 86, 64, 88, 64, 63
 1096, 17, 30, 51, 70, 73, 65, 62, 65, 62
 1095, 15, 33, 50, 73, 83, 68, 81, 69, 63
 1094, 17, 44, 68, 56, 79, 53, 73, 64, 69
 1083, 72, 31, 31, 16, 66, 29, 59, 42, 32
 1084, 77, 33, 33, 15, 77, 30, 72, 42, 31
 1085, 16, 75, 50, 30, 71, 66, 55, 55, 56
 1086, 16, 74, 49, 32, 79, 68, 80, 54, 57
 1088, 16, 70, 48, 31, 70, 63, 54, 54, 55
 1100, 17, 31, 59, 68, 76, 52, 62, 63, 64
 1089, 17, 80, 50, 59, 77, 72, 76, 53, 62
 1090, 17, 51, 78, 50, 79, 59, 74, 65, 77
 1091, 16, 49, 74, 49, 83, 57, 82, 63, 75
 1092, 16, 44, 76, 61, 74, 55, 66, 63, 75
 1093, 14, 41, 69, 59, 72, 52, 63, 65, 70
 1087, 14, 70, 51, 32, 84, 63, 84, 55, 55
 1157, 15, 75, 52, 32, 76, 67, 68, 57, 58
 1169, 15, 33, 51, 83, 85, 77, 86, 75, 66
 1170, 17, 34, 63, 74, 74, 58, 59, 67, 69
 1168, 14, 71, 80, 46, 84, 62, 84, 67, 78
 1165, 16, 51, 79, 52, 73, 59, 62, 69, 77
 1160, 17, 73, 51, 54, 80, 66, 73, 55, 58
 1167, 18, 44, 74, 62, 72, 58, 56, 66, 74
 1163, 17, 44, 74, 61, 82, 57, 78, 66, 72
 1164, 18, 44, 75, 61, 85, 56, 83, 66, 76
 1156, 82, 32, 33, 15, 81, 34, 80, 46, 33
 1158, 17, 77, 54, 33, 82, 72, 77, 57, 62
 1155, 74, 32, 34, 15, 75, 32, 75, 45, 33
 1159, 16, 84, 53, 34, 79, 75, 76, 58, 64
 1172, 18, 31, 66, 74, 79, 56, 75, 69, 66
 1171, 14, 32, 53, 79, 78, 73, 67, 72, 66
 1161, 15, 73, 51, 34, 77, 69, 71, 57, 55
 1162, 17, 79, 53, 56, 70, 73, 56, 57, 61
 1166, 15, 54, 83, 53, 73, 64, 62, 68, 82
 1841, 78, 29, 29, 16, 82, 31, 83, 40, 31
 1847, 15, 66, 49, 45, 78, 60, 77, 51, 50
 1850, 17, 47, 78, 49, 80, 59, 77, 60, 78
 1848, 13, 49, 66, 48, 77, 52, 70, 62, 67
 1849, 15, 40, 68, 59, 71, 52, 57, 63, 67
 1846, 15, 67, 46, 44, 78, 60, 72, 53, 54
 1845, 14, 72, 49, 31, 73, 64, 67, 53, 56
 1844, 14, 75, 46, 29, 78, 68, 70, 52, 57
 1842, 15, 66, 49, 30, 73, 60, 63, 51, 52
 1851, 16, 49, 71, 48, 80, 57, 72, 63, 71
 1852, 14, 41, 73, 65, 84, 54, 86, 62, 71
 1853, 14, 49, 66, 50, 79, 53, 76, 60, 67
 1854, 17, 29, 47, 71, 76, 65, 63, 67, 62
 1855, 13, 29, 58, 67, 76, 50, 62, 61, 61
 1859, 14, 30, 63, 75, 87, 57, 84, 70, 61
 1858, 14, 31, 56, 66, 75, 51, 62, 63, 60
 1857, 15, 29, 46, 69, 87, 61, 84, 62, 62
 1843, 14, 74, 47, 29, 80, 67, 77, 52, 56
  801, 16, 86, 59, 33, 79, 75, 77, 61, 63
  810, 17, 33, 68, 80, 82, 62, 77, 75, 73
  808, 15, 33, 58, 90, 86, 81, 88, 82, 74
  806, 17, 48, 82, 72, 85, 61, 85, 75, 80
  805, 16, 48, 83, 68, 80, 61, 73, 74, 79
  804, 17, 58, 85, 58, 84, 63, 86, 73, 86
  811, 16, 35, 70, 79, 86, 60, 84, 74, 74
  802, 16, 81, 57, 34, 85, 73, 81, 60, 62
  809, 17, 35, 57, 86, 80, 76, 72, 77, 72
  800, 17, 81, 58, 59, 81, 75, 79, 60, 61
  798, 17, 87, 59, 34, 78, 79, 71, 62, 66
  797, 18, 83, 58, 36, 79, 75, 73, 61, 60
  796, 15, 90, 56, 34, 81, 81, 73, 63, 69
  795, 89, 35, 34, 17, 83, 35, 79, 51, 35
  794, 80, 36, 35, 17, 64, 36, 57, 48, 33
  803, 19, 59, 87, 55, 82, 64, 81, 74, 86
  807, 17, 48, 92, 80, 73, 69, 63, 74, 91
  799, 16, 79, 57, 56, 78, 73, 76, 61, 63
 2442, 15, 75, 54, 35, 84, 69, 81, 57, 57
 2425, 76, 32, 33, 17, 76, 32, 74, 47, 34
 2426, 76, 34, 33, 16, 75, 34, 75, 46, 32
 2427, 16, 77, 56, 33, 77, 71, 74, 57, 59
 2428, 18, 75, 54, 33, 77, 71, 68, 58, 59
 2436, 16, 53, 75, 53, 85, 57, 83, 68, 77
 2437, 16, 53, 78, 55, 75, 60, 61, 71, 77
 2438, 16, 33, 68, 78, 81, 59, 75, 68, 68
 2439, 18, 34, 55, 75, 75, 71, 65, 69, 68
 2440, 18, 34, 64, 75, 84, 57, 79, 68, 70
 2441, 17, 33, 54, 77, 81, 70, 70, 69, 68
 2434, 16, 52, 76, 55, 84, 57, 81, 68, 75
 2433, 18, 55, 76, 55, 77, 59, 68, 70, 77
 2429, 18, 78, 56, 33, 78, 70, 69, 60, 60
 2432, 18, 76, 53, 35, 80, 70, 78, 59, 57
 2435, 17, 54, 78, 55, 73, 58, 59, 70, 76
 2431, 18, 75, 54, 33, 81, 68, 81, 57, 59
 2430, 15, 75, 55, 35, 78, 70, 74, 60, 59
  899, 19, 35, 61, 87, 86, 79, 84, 78, 76
  900, 18, 34, 75, 89, 82, 68, 75, 80, 77
  898, 17, 36, 59, 87, 87, 76, 88, 79, 78
  901, 20, 35, 61, 94, 74, 87, 64, 84, 76
  889, 18, 85, 61, 61, 83, 76, 81, 66, 63
  891, 16, 51, 89, 74, 84, 68, 79, 77, 89
  886, 18, 91, 60, 38, 81, 80, 80, 64, 67
  887, 17, 93, 61, 34, 83, 84, 80, 67, 74
  888, 20, 86, 59, 59, 80, 79, 71, 65, 63
  884, 93, 38, 37, 18, 79, 37, 74, 50, 37
  890, 18, 91, 59, 34, 76, 83, 70, 65, 69
  892, 19, 78, 91, 50, 79, 67, 74, 76, 91
  893, 17, 61, 87, 61, 82, 66, 74, 79, 85
  894, 19, 59, 84, 60, 86, 65, 84, 79, 85
  895, 17, 52, 95, 80, 83, 71, 77, 79, 93
  896, 17, 50, 87, 72, 85, 63, 83, 77, 84
  885, 86, 34, 37, 19, 77, 35, 78, 51, 37
  897, 17, 35, 75, 85, 75, 63, 61, 77, 78
 2478, 14, 48, 69, 46, 79, 52, 75, 62, 69
 2484, 14, 46, 66, 49, 73, 51, 65, 63, 66
 2487, 15, 31, 58, 67, 72, 53, 60, 60, 61
 2489, 14, 29, 46, 67, 84, 62, 83, 60, 64
 2491, 15, 32, 57, 68, 86, 51, 83, 62, 64
 2493, 14, 29, 57, 69, 79, 53, 73, 63, 60
 2471, 16, 69, 47, 32, 70, 62, 56, 50, 52
 2480, 16, 47, 69, 48, 79, 51, 70, 60, 69
 2469, 16, 66, 48, 29, 84, 61, 81, 51, 51
 2477, 16, 56, 69, 42, 79, 50, 73, 61, 69
 2475, 14, 47, 68, 49, 81, 52, 81, 60, 68
 2462, 67, 30, 29, 15, 68, 30, 60, 40, 30
 2466, 69, 29, 32, 16, 74, 29, 71, 42, 31
 2474, 15, 66, 49, 30, 80, 60, 76, 52, 52
 2473, 14, 67, 49, 31, 81, 63, 79, 51, 51
 2494, 15, 29, 60, 69, 88, 51, 86, 60, 63
 2472, 17, 68, 49, 32, 85, 62, 83, 54, 53
 2482, 14, 42, 67, 55, 78, 53, 70, 62, 67
 2522, 14, 46, 64, 45, 86, 47, 83, 58, 64
 2515, 62, 28, 30, 13, 68, 28, 62, 40, 31
 2516, 62, 30, 29, 13, 61, 28, 48, 39, 31
 2517, 16, 63, 44, 31, 82, 56, 81, 48, 49
 2518, 13, 65, 44, 31, 79, 59, 73, 49, 50
 2519, 13, 61, 45, 27, 77, 58, 67, 48, 49
 2521, 14, 63, 43, 29, 77, 57, 69, 46, 48
 2523, 14, 42, 64, 45, 84, 50, 81, 56, 61
 2524, 16, 42, 62, 46, 84, 49, 83, 58, 63
 2525, 16, 45, 65, 44, 76, 50, 74, 60, 64
 2526, 16, 55, 64, 37, 70, 49, 56, 58, 62
 2528, 16, 28, 52, 64, 85, 49, 82, 57, 59
 2529, 14, 29, 44, 65, 80, 56, 78, 56, 57
 2530, 16, 31, 44, 63, 86, 58, 86, 57, 56
 2531, 16, 30, 53, 63, 86, 50, 85, 58, 57
 2532, 15, 30, 44, 64, 82, 59, 78, 57, 57
 2520, 14, 62, 43, 30, 83, 59, 78, 46, 48
 2527, 14, 36, 64, 54, 84, 47, 86, 57, 63
  973, 13, 31, 44, 63, 74, 57, 61, 59, 57
  960, 14, 68, 46, 47, 80, 63, 81, 50, 53
  959, 13, 65, 45, 29, 80, 57, 75, 49, 48
  957, 73, 30, 29, 13, 75, 29, 69, 37, 27
  961, 16, 68, 46, 49, 81, 61, 75, 48, 50
  972, 16, 30, 60, 71, 79, 54, 74, 66, 56
  969, 15, 39, 62, 53, 82, 46, 77, 56, 61
  974, 15, 28, 43, 62, 85, 58, 80, 56, 57
  971, 16, 28, 58, 67, 80, 52, 74, 63, 58
  962, 13, 74, 46, 30, 81, 64, 80, 47, 56
  963, 13, 45, 73, 43, 71, 54, 58, 57, 72
  968, 15, 40, 65, 55, 84, 48, 79, 59, 62
  970, 15, 40, 64, 56, 82, 46, 82, 59, 62
  967, 13, 63, 46, 27, 69, 56, 54, 47, 47
  966, 16, 45, 65, 46, 80, 47, 75, 59, 64
  965, 15, 45, 68, 46, 80, 50, 74, 57, 66
  958, 13, 62, 45, 31, 72, 56, 62, 49, 50
  964, 13, 45, 69, 43, 84, 51, 80, 58, 69
 1595, 14, 51, 77, 49, 81, 62, 81, 64, 78
 1603, 14, 29, 61, 74, 75, 55, 61, 66, 65
 1602, 14, 33, 49, 78, 80, 72, 73, 73, 63
 1601, 16, 32, 50, 71, 71, 62, 58, 63, 65
 1600, 17, 51, 72, 49, 75, 52, 67, 63, 72
 1599, 15, 41, 70, 61, 84, 51, 78, 65, 70
 1598, 16, 42, 69, 60, 80, 52, 79, 64, 71
 1604, 16, 32, 63, 71, 74, 54, 59, 64, 62
 1596, 14, 48, 74, 48, 80, 57, 79, 65, 74
 1588, 15, 70, 49, 31, 79, 64, 81, 53, 52
 1594, 15, 50, 70, 48, 80, 53, 74, 63, 69
 1593, 17, 72, 48, 30, 80, 69, 74, 55, 57
 1592, 14, 81, 47, 54, 80, 71, 77, 55, 61
 1591, 17, 74, 50, 55, 81, 68, 80, 53, 59
 1590, 15, 68, 49, 31, 80, 64, 80, 52, 54
 1589, 14, 71, 48, 30, 77, 65, 72, 54, 54
 1587, 77, 32, 31, 14, 77, 32, 73, 44, 33
 1597, 17, 50, 74, 50, 81, 58, 73, 63, 74
 2617, 15, 31, 62, 70, 78, 54, 70, 62, 65
 2612, 17, 51, 69, 50, 83, 54, 76, 64, 69
 2608, 16, 70, 50, 32, 79, 62, 79, 54, 53
 2607, 15, 69, 49, 29, 68, 63, 54, 52, 52
 2621, 14, 31, 59, 71, 79, 52, 69, 63, 62
 2620, 16, 30, 56, 68, 85, 54, 86, 62, 65
 2618, 14, 30, 60, 70, 85, 54, 85, 65, 62
 2616, 16, 32, 48, 68, 84, 63, 83, 63, 65
 2615, 16, 31, 56, 69, 83, 55, 80, 63, 63
 2604, 71, 32, 31, 17, 62, 33, 51, 43, 32
 2613, 15, 50, 71, 50, 73, 54, 61, 62, 69
 2611, 15, 51, 71, 51, 84, 55, 87, 63, 69
 2606, 15, 71, 48, 31, 75, 64, 70, 55, 55
 2610, 16, 51, 71, 51, 71, 54, 58, 65, 70
 2605, 68, 31, 31, 16, 75, 30, 71, 42, 33
 2614, 14, 50, 71, 50, 86, 52, 85, 65, 71
 2609, 14, 69, 50, 30, 71, 62, 57, 53, 52
 2619, 14, 31, 56, 68, 86, 52, 84, 63, 62
 1071, 74, 31, 30, 13, 80, 29, 82, 37, 31
 1069, 15, 71, 43, 29, 76, 65, 69, 48, 53
 1068, 15, 68, 46, 29, 80, 63, 74, 49, 51
 1066, 16, 68, 45, 46, 69, 64, 57, 47, 52
 1073, 13, 57, 69, 38, 82, 50, 81, 59, 67
 1072, 16, 65, 45, 47, 79, 60, 73, 48, 48
 1077, 15, 40, 65, 57, 83, 49, 77, 58, 64
 1067, 13, 65, 44, 31, 77, 56, 69, 49, 50
 1065, 63, 28, 29, 15, 69, 29, 65, 38, 29
 1075, 14, 45, 63, 43, 78, 47, 72, 56, 61
 1076, 15, 40, 62, 54, 74, 49, 62, 58, 64
 1082, 13, 31, 56, 66, 73, 54, 63, 60, 56
 1081, 12, 31, 63, 72, 83, 55, 84, 67, 56
 1080, 16, 29, 45, 61, 85, 57, 82, 59, 59
 1079, 13, 27, 43, 61, 82, 58, 79, 59, 56
 1078, 13, 44, 71, 43, 83, 55, 84, 60, 73
 1070, 14, 61, 46, 29, 80, 59, 75, 46, 47
 1074, 16, 45, 69, 46, 79, 53, 77, 57, 67
 2628, 14, 61, 43, 27, 68, 55, 54, 48, 46
 2629, 14, 45, 60, 44, 83, 48, 82, 58, 61
 2630, 12, 41, 60, 44, 78, 46, 68, 56, 62
 2631, 14, 42, 62, 42, 83, 45, 80, 55, 60
 2632, 15, 43, 62, 42, 83, 45, 81, 56, 61
 2627, 16, 62, 41, 28, 70, 55, 63, 45, 46
 2634, 12, 30, 54, 61, 77, 48, 71, 57, 55
 2635, 13, 29, 44, 59, 79, 54, 71, 54, 57
 2633, 15, 43, 62, 44, 80, 48, 78, 58, 59
 2637, 14, 30, 51, 62, 82, 46, 83, 54, 56
 2636, 13, 30, 55, 62, 81, 47, 76, 54, 56
 2622, 63, 27, 27, 13, 75, 27, 76, 37, 29
 2623, 62, 28, 27, 14, 68, 29, 64, 37, 28
 2624, 15, 59, 44, 29, 81, 54, 77, 46, 47
 2625, 14, 60, 44, 29, 79, 55, 79, 46, 48
 2626, 14, 62, 43, 28, 82, 56, 80, 45, 47
 2639, 12, 28, 41, 61, 78, 56, 72, 57, 57
 2638, 13, 27, 50, 60, 80, 45, 75, 56, 57
 2657, 14, 31, 59, 67, 85, 53, 87, 62, 61
 2641, 66, 30, 29, 17, 76, 31, 72, 43, 32
 2648, 16, 69, 49, 30, 76, 60, 69, 53, 52
 2659, 17, 31, 49, 67, 76, 62, 66, 62, 63
 2642, 67, 29, 30, 17, 67, 29, 62, 41, 32
 2655, 16, 31, 57, 68, 86, 50, 85, 61, 60
 2644, 14, 69, 46, 30, 81, 61, 79, 53, 53
 2645, 16, 67, 47, 32, 85, 62, 84, 50, 50
 2643, 16, 69, 49, 30, 76, 62, 69, 53, 53
 2647, 14, 67, 48, 32, 81, 61, 78, 51, 53
 2658, 15, 32, 47, 69, 84, 64, 81, 63, 62
 2649, 15, 69, 49, 30, 74, 63, 61, 51, 50
 2650, 13, 50, 66, 46, 84, 50, 84, 61, 67
 2651, 15, 48, 68, 49, 79, 53, 75, 60, 68
 2652, 16, 47, 69, 49, 69, 50, 55, 63, 66
 2653, 14, 47, 67, 47, 81, 53, 81, 60, 68
 2654, 15, 29, 59, 69, 79, 52, 72, 60, 62
 2646, 17, 69, 48, 28, 75, 62, 68, 51, 50
 2678, 13, 29, 57, 65, 79, 49, 75, 56, 59
 2673, 14, 29, 56, 64, 80, 47, 74, 58, 57
 2672, 14, 45, 63, 44, 81, 48, 82, 60, 63
 2671, 12, 43, 63, 44, 81, 49, 81, 59, 64
 2670, 13, 43, 62, 46, 78, 49, 76, 58, 63
 2669, 16, 45, 61, 44, 82, 47, 79, 57, 64
 2660, 63, 28, 31, 16, 74, 27, 71, 37, 30
 2675, 15, 29, 52, 63, 79, 48, 69, 57, 60
 2668, 15, 64, 43, 29, 78, 58, 76, 48, 49
 2674, 15, 30, 43, 62, 81, 59, 76, 57, 59
 2676, 14, 29, 52, 63, 80, 49, 78, 57, 58
 2667, 13, 63, 44, 29, 83, 59, 81, 47, 47
 2666, 16, 62, 43, 30, 81, 58, 82, 47, 47
 2665, 15, 62, 46, 27, 81, 57, 78, 50, 49
 2664, 16, 65, 45, 31, 78, 59, 79, 48, 49
 2663, 13, 63, 43, 31, 79, 58, 80, 48, 50
 2662, 14, 63, 43, 30, 78, 57, 74, 49, 49
 2661, 65, 30, 27, 13, 66, 30, 61, 40, 30
 1772, 14, 75, 46, 32, 81, 68, 77, 53, 60
 1775, 14, 74, 47, 51, 67, 66, 54, 52, 56
 1776, 16, 72, 47, 52, 84, 66, 84, 52, 55
 1773, 16, 68, 46, 31, 82, 63, 77, 52, 52
 1771, 16, 69, 49, 32, 71, 62, 58, 50, 53
 1770, 77, 30, 29, 15, 78, 30, 74, 41, 32
 1782, 15, 32, 47, 67, 82, 61, 74, 60, 63
 1769, 69, 31, 32, 17, 75, 30, 73, 42, 29
 1774, 14, 66, 47, 29, 79, 62, 71, 51, 51
 1777, 15, 48, 76, 48, 84, 59, 84, 63, 75
 1785, 15, 29, 61, 72, 77, 53, 71, 66, 60
 1784, 16, 31, 63, 77, 83, 60, 84, 68, 60
 1783, 17, 32, 56, 67, 84, 50, 85, 62, 60
 1781, 16, 30, 46, 69, 86, 61, 85, 62, 61
 1786, 15, 29, 58, 68, 85, 50, 81, 63, 62
 1778, 15, 48, 70, 49, 82, 53, 82, 62, 70
 1780, 17, 42, 67, 56, 81, 51, 75, 63, 66
 1779, 15, 49, 72, 49, 82, 54, 84, 60, 73
 2699, 14, 44, 64, 44, 79, 47, 73, 56, 64
 2712, 13, 28, 50, 62, 87, 50, 86, 60, 56
 2711, 15, 28, 55, 63, 84, 50, 83, 57, 57
 2710, 16, 29, 45, 64, 81, 59, 74, 56, 59
 2708, 15, 40, 62, 54, 75, 47, 64, 56, 62
 2707, 14, 45, 65, 45, 81, 48, 79, 58, 65
 2706, 14, 46, 62, 46, 77, 47, 68, 58, 63
 2713, 16, 31, 54, 65, 76, 48, 68, 59, 56
 2702, 14, 58, 65, 39, 70, 50, 60, 60, 63
 2709, 13, 31, 53, 63, 85, 47, 84, 59, 56
 2697, 14, 62, 43, 29, 77, 60, 75, 49, 49
 2696, 15, 63, 43, 28, 83, 56, 79, 49, 48
 2694, 16, 61, 44, 28, 80, 60, 82, 50, 49
 2692, 16, 62, 45, 28, 74, 58, 64, 47, 48
 2690, 15, 62, 44, 30, 81, 56, 77, 46, 47
 2688, 63, 27, 30, 16, 62, 31, 49, 38, 28
 2686, 63, 28, 30, 16, 64, 30, 53, 39, 29
 2703, 15, 46, 62, 46, 84, 47, 85, 56, 61
 2723, 18, 73, 52, 31, 81, 65, 77, 54, 56
 2721, 17, 71, 49, 33, 76, 67, 69, 55, 57
 2722, 15, 71, 53, 34, 72, 65, 58, 56, 53
 2719, 16, 73, 53, 33, 80, 66, 79, 54, 55
 2724, 17, 74, 51, 31, 68, 67, 55, 54, 55
 2725, 14, 60, 74, 42, 77, 56, 69, 67, 73
 2718, 16, 70, 49, 32, 79, 67, 74, 56, 55
 2717, 71, 33, 33, 15, 65, 32, 51, 42, 30
 2716, 70, 32, 31, 15, 68, 32, 60, 42, 30
 2730, 18, 51, 73, 52, 79, 57, 77, 64, 72
 2728, 15, 44, 73, 65, 81, 55, 80, 64, 74
 2727, 16, 51, 71, 52, 81, 55, 75, 66, 72
 2726, 16, 49, 73, 50, 82, 55, 75, 67, 74
 2733, 16, 31, 64, 73, 75, 55, 62, 65, 66
 2735, 17, 32, 66, 74, 87, 56, 88, 64, 64
 2736, 14, 32, 61, 73, 79, 56, 73, 67, 65
 2737, 16, 32, 63, 71, 80, 55, 73, 66, 66
 2731, 15, 33, 64, 73, 81, 54, 77, 66, 64
 2813, 12, 38, 58, 40, 77, 45, 72, 53, 55
 2817, 12, 35, 57, 49, 78, 42, 71, 52, 55
 2823, 15, 29, 48, 55, 79, 44, 76, 51, 51
 2821, 14, 29, 39, 54, 84, 51, 85, 54, 52
 2820, 14, 26, 47, 58, 82, 43, 79, 50, 53
 2819, 15, 25, 39, 57, 85, 50, 86, 51, 51
 2814, 15, 41, 58, 40, 80, 41, 77, 52, 58
 2812, 13, 49, 57, 32, 84, 44, 85, 50, 56
 2811, 14, 57, 38, 25, 74, 53, 69, 45, 42
 2815, 12, 40, 58, 38, 84, 44, 82, 51, 57
 2818, 15, 27, 49, 57, 77, 44, 66, 51, 53
 2816, 15, 39, 55, 40, 78, 42, 71, 53, 57
 2810, 13, 56, 40, 29, 69, 53, 54, 42, 42
 2807, 14, 56, 41, 28, 83, 53, 83, 44, 43
 2806, 57, 27, 25, 12, 71, 27, 65, 36, 27
 2809, 12, 57, 41, 26, 76, 52, 71, 44, 44
 2805, 56, 25, 26, 15, 68, 27, 66, 36, 25
 2808, 15, 58, 39, 27, 79, 51, 81, 45, 43
 2824, 68, 32, 31, 16, 73, 30, 72, 40, 31
 2833, 16, 47, 67, 49, 85, 51, 84, 62, 67
 2834, 16, 47, 68, 46, 80, 52, 74, 60, 68
 2835, 17, 42, 68, 56, 83, 53, 84, 61, 69
 2837, 17, 30, 57, 68, 85, 52, 85, 62, 60
 2841, 14, 32, 59, 68, 71, 51, 57, 60, 63
 2840, 14, 31, 56, 67, 84, 52, 83, 60, 61
 2839, 15, 31, 47, 67, 86, 61, 85, 61, 62
 2836, 15, 47, 66, 48, 79, 53, 75, 62, 69
 2825, 66, 30, 29, 14, 69, 30, 61, 42, 28
 2831, 15, 49, 69, 46, 80, 51, 76, 63, 67
 2830, 15, 67, 49, 30, 81, 63, 79, 53, 50
 2829, 14, 68, 48, 32, 81, 61, 82, 51, 50
 2828, 15, 66, 48, 29, 72, 64, 66, 51, 51
 2827, 14, 69, 46, 29, 70, 63, 55, 52, 54
 2826, 16, 69, 49, 32, 82, 62, 80, 50, 51
 2838, 13, 29, 46, 66, 87, 64, 82, 63, 63
 2832, 14, 60, 69, 40, 85, 53, 82, 61, 69
  497, 17, 48, 74, 51, 84, 57, 87, 64, 74
  493, 13, 74, 49, 54, 77, 68, 74, 55, 57
  488, 78, 31, 31, 14, 75, 30, 70, 43, 30
  490, 14, 71, 48, 32, 69, 63, 54, 55, 55
  491, 14, 71, 48, 31, 79, 64, 76, 53, 54
  494, 17, 74, 48, 31, 77, 66, 67, 52, 55
  492, 17, 78, 51, 31, 81, 72, 83, 52, 62
  496, 15, 50, 69, 49, 76, 53, 67, 64, 72
  495, 16, 68, 51, 48, 70, 65, 59, 53, 55
  498, 15, 43, 72, 62, 79, 57, 76, 65, 74
  489, 70, 30, 30, 16, 64, 30, 48, 42, 30
  499, 15, 49, 81, 49, 77, 59, 72, 64, 77
  500, 17, 30, 48, 79, 79, 70, 72, 73, 62
  501, 14, 31, 49, 75, 76, 69, 65, 69, 63
  505, 16, 33, 58, 70, 83, 55, 78, 62, 64
  504, 16, 31, 59, 69, 75, 53, 63, 62, 65
  503, 16, 29, 59, 70, 88, 52, 84, 62, 64
  502, 15, 30, 49, 68, 81, 65, 77, 65, 63
 2848, 16, 69, 47, 30, 72, 60, 66, 51, 50
 2851, 16, 46, 66, 46, 79, 52, 68, 60, 66
 2858, 14, 31, 46, 67, 81, 61, 73, 60, 63
 2857, 16, 32, 47, 66, 84, 62, 78, 60, 63
 2846, 16, 69, 49, 30, 76, 60, 72, 53, 51
 2856, 15, 32, 53, 66, 85, 52, 84, 63, 61
 2842, 66, 32, 32, 17, 74, 32, 73, 43, 29
 2855, 16, 58, 66, 39, 80, 52, 71, 62, 69
 2859, 15, 30, 48, 69, 86, 63, 85, 61, 63
 2852, 14, 47, 69, 49, 81, 51, 78, 63, 66
 2850, 15, 49, 69, 47, 82, 52, 80, 61, 68
 2849, 14, 60, 68, 43, 82, 50, 79, 62, 66
 2853, 16, 50, 66, 47, 71, 52, 57, 63, 66
 2847, 15, 68, 48, 30, 70, 62, 54, 52, 53
 2845, 13, 66, 48, 31, 74, 61, 64, 50, 52
 2844, 13, 69, 47, 31, 78, 61, 78, 51, 53
 2843, 69, 30, 32, 15, 73, 30, 70, 42, 31
 2854, 17, 42, 68, 57, 74, 53, 65, 61, 67
 2869, 17, 49, 67, 47, 80, 51, 78, 62, 69
 2877, 16, 67, 46, 30, 71, 62, 59, 50, 50
 2876, 16, 31, 53, 66, 83, 52, 84, 61, 63
 2875, 17, 32, 57, 69, 79, 52, 73, 61, 63
 2874, 16, 30, 49, 66, 85, 60, 80, 61, 63
 2871, 17, 61, 69, 40, 80, 50, 73, 63, 68
 2868, 17, 49, 67, 48, 85, 52, 83, 61, 68
 2867, 14, 47, 66, 49, 80, 52, 75, 62, 68
 2870, 17, 48, 66, 49, 86, 51, 83, 63, 67
 2873, 17, 32, 57, 67, 78, 53, 74, 62, 62
 2861, 14, 69, 46, 31, 83, 63, 82, 50, 51
 2872, 14, 49, 68, 49, 81, 54, 73, 60, 68
 2860, 66, 31, 29, 15, 75, 29, 77, 42, 30
 2862, 15, 66, 50, 32, 81, 63, 80, 52, 50
 2863, 13, 66, 46, 32, 78, 60, 74, 51, 54
 2864, 15, 68, 48, 32, 83, 62, 84, 50, 51
 2865, 14, 69, 48, 30, 82, 62, 79, 52, 50
 2866, 14, 68, 50, 32, 81, 64, 78, 53, 50
 2879, 65, 29, 30, 14, 66, 30, 62, 39, 31
 2880, 16, 65, 47, 30, 77, 59, 68, 50, 50
 2878, 66, 29, 31, 13, 61, 28, 50, 39, 28
 2881, 14, 63, 45, 29, 81, 61, 80, 51, 49
 2882, 13, 65, 46, 30, 79, 61, 78, 51, 51
 2883, 13, 64, 45, 29, 83, 59, 82, 50, 50
 2884, 14, 63, 47, 29, 83, 61, 84, 48, 49
 2885, 16, 55, 67, 41, 78, 51, 74, 61, 66
 2886, 14, 46, 67, 48, 85, 51, 84, 60, 65
 2887, 16, 45, 66, 45, 76, 50, 71, 61, 67
 2894, 15, 31, 57, 64, 85, 51, 85, 58, 59
 2888, 14, 46, 65, 45, 84, 52, 83, 60, 65
 2896, 13, 31, 47, 67, 84, 61, 84, 58, 60
 2893, 16, 30, 55, 65, 84, 52, 79, 61, 60
 2892, 14, 31, 56, 66, 85, 49, 84, 60, 61
 2891, 16, 53, 66, 38, 81, 50, 80, 60, 67
 2890, 14, 45, 66, 47, 82, 49, 83, 58, 65
 2889, 14, 44, 64, 45, 75, 51, 66, 58, 64
 2906, 16, 39, 63, 55, 83, 51, 82, 60, 63
 2897, 65, 28, 29, 14, 67, 28, 59, 42, 29
 2910, 17, 31, 54, 65, 83, 52, 81, 59, 58
 2911, 14, 29, 56, 65, 76, 49, 66, 60, 61
 2912, 13, 31, 46, 64, 85, 61, 86, 62, 58
 2913, 13, 28, 56, 66, 82, 52, 76, 59, 59
 2908, 16, 48, 65, 46, 82, 48, 81, 60, 66
 2914, 15, 31, 44, 64, 81, 61, 74, 58, 59
 2905, 13, 45, 66, 46, 83, 49, 84, 58, 65
 2909, 15, 28, 54, 67, 85, 50, 84, 61, 60
 2902, 14, 66, 45, 28, 79, 62, 73, 48, 51
 2899, 14, 66, 45, 29, 75, 58, 70, 50, 51
 2907, 16, 44, 66, 46, 86, 52, 85, 60, 66
 2904, 17, 44, 67, 45, 85, 49, 84, 60, 67
 2901, 16, 65, 45, 32, 74, 61, 65, 50, 50
 2900, 16, 64, 47, 30, 77, 60, 73, 49, 48
 2903, 14, 55, 64, 41, 80, 49, 72, 60, 66
 2898, 16, 64, 45, 30, 76, 60, 65, 49, 49
 3031, 14, 51, 73, 49, 82, 55, 80, 67, 73
 3036, 15, 31, 60, 70, 73, 56, 61, 64, 67
 3038, 17, 33, 52, 72, 82, 65, 81, 68, 65
 3035, 15, 62, 72, 44, 84, 53, 84, 64, 73
 3040, 16, 34, 61, 73, 85, 53, 83, 64, 66
 3021, 16, 73, 53, 32, 82, 68, 83, 56, 54
 3034, 15, 59, 72, 44, 83, 56, 75, 65, 74
 3030, 16, 70, 51, 33, 85, 68, 85, 56, 55
 3020, 16, 74, 51, 33, 75, 65, 69, 55, 57
 3037, 14, 32, 60, 71, 85, 54, 85, 67, 66
 3032, 17, 51, 73, 52, 85, 54, 83, 67, 73
 3033, 15, 50, 70, 50, 80, 54, 74, 67, 71
 3029, 14, 72, 51, 32, 81, 65, 77, 55, 57
 3016, 14, 73, 50, 33, 79, 67, 76, 53, 54
 3014, 73, 31, 31, 14, 75, 30, 72, 44, 32
 3011, 71, 33, 32, 17, 73, 30, 70, 44, 32
 3018, 15, 74, 51, 33, 84, 66, 81, 57, 56
 3039, 15, 32, 50, 74, 84, 66, 82, 65, 67
 2336, 14, 67, 46, 29, 75, 59, 67, 50, 48
 2334, 73, 31, 28, 16, 78, 29, 76, 42, 29
 2337, 15, 65, 45, 28, 80, 59, 79, 50, 52
 2343, 15, 47, 65, 44, 83, 51, 81, 60, 65
 2335, 63, 29, 28, 13, 69, 29, 62, 40, 31
 2338, 17, 68, 48, 29, 80, 65, 80, 49, 53
 2339, 15, 66, 45, 29, 81, 58, 83, 51, 50
 2340, 14, 73, 48, 30, 84, 69, 83, 49, 55
 2342, 15, 40, 64, 55, 82, 50, 80, 60, 63
 2344, 13, 47, 73, 45, 77, 57, 70, 61, 75
 2345, 13, 39, 68, 57, 85, 55, 81, 61, 69
 2346, 16, 40, 63, 53, 74, 50, 59, 61, 64
 2347, 17, 48, 70, 44, 83, 52, 77, 60, 70
 2348, 13, 31, 45, 67, 80, 59, 74, 61, 59
 2349, 15, 30, 46, 72, 84, 68, 79, 67, 61
 2350, 16, 30, 59, 69, 77, 52, 65, 62, 61
 2351, 15, 29, 56, 65, 84, 49, 83, 59, 59
 2341, 14, 71, 47, 30, 81, 62, 77, 50, 52
 3043, 14, 69, 49, 32, 76, 62, 69, 53, 53
 3053, 13, 49, 69, 49, 82, 51, 76, 61, 68
 3049, 15, 48, 69, 47, 73, 53, 59, 60, 67
 3050, 17, 48, 69, 49, 83, 51, 84, 63, 67
 3048, 14, 55, 66, 42, 80, 53, 73, 64, 68
 3047, 15, 67, 48, 30, 72, 62, 64, 53, 53
 3046, 17, 68, 50, 30, 76, 62, 72, 50, 52
 3044, 15, 67, 46, 31, 68, 60, 55, 51, 51
 3042, 68, 29, 30, 17, 68, 29, 60, 40, 31
 3041, 69, 30, 32, 16, 72, 29, 67, 43, 31
 3051, 14, 49, 66, 46, 83, 53, 82, 62, 66
 3052, 15, 48, 68, 48, 83, 52, 81, 60, 68
 3058, 16, 66, 46, 29, 79, 63, 72, 52, 52
 3057, 16, 29, 48, 66, 85, 62, 81, 62, 63
 3056, 17, 32, 56, 67, 87, 51, 87, 61, 62
 3055, 16, 32, 48, 66, 80, 60, 69, 62, 61
 3054, 15, 29, 59, 69, 78, 52, 71, 61, 62
 3045, 16, 68, 47, 30, 69, 63, 56, 51, 53
  439, 16, 73, 47, 29, 83, 64, 82, 53, 55
  440, 13, 72, 48, 48, 76, 66, 71, 51, 55
  434, 75, 30, 31, 16, 76, 31, 69, 40, 30
  435, 68, 29, 32, 13, 73, 32, 72, 41, 31
  451, 16, 31, 48, 67, 81, 61, 72, 63, 60
  450, 14, 30, 50, 72, 86, 67, 83, 65, 62
  449, 15, 29, 46, 77, 84, 69, 84, 70, 61
  448, 15, 30, 58, 67, 85, 53, 82, 63, 60
  447, 16, 30, 53, 66, 86, 50, 86, 62, 60
  446, 16, 48, 68, 49, 79, 51, 72, 64, 67
  445, 17, 46, 72, 46, 77, 55, 74, 62, 71
  444, 17, 48, 72, 48, 79, 56, 78, 61, 73
  437, 15, 68, 46, 32, 77, 63, 72, 51, 51
  441, 15, 75, 47, 31, 83, 70, 79, 53, 57
  443, 13, 49, 77, 48, 85, 60, 79, 61, 76
  436, 16, 66, 47, 48, 79, 62, 79, 50, 52
  438, 17, 66, 47, 30, 80, 63, 82, 53, 50
  442, 16, 42, 69, 56, 81, 52, 73, 62, 67
 3165, 14, 29, 43, 60, 80, 55, 73, 56, 58
 3159, 13, 63, 43, 28, 74, 55, 64, 47, 46
 3157, 61, 28, 29, 15, 67, 29, 61, 37, 27
 3158, 14, 44, 60, 43, 77, 46, 72, 56, 60
 3163, 13, 29, 52, 59, 85, 48, 84, 57, 56
 3150, 15, 60, 42, 29, 81, 57, 83, 47, 46
 3151, 14, 28, 53, 61, 82, 47, 72, 56, 56
 3152, 15, 63, 42, 29, 77, 55, 75, 45, 47
 3153, 13, 43, 59, 44, 82, 46, 82, 54, 62
 3154, 15, 59, 43, 39, 78, 57, 75, 47, 47
 3155, 15, 37, 60, 54, 72, 46, 59, 57, 61
 3167, 15, 30, 41, 61, 85, 57, 83, 58, 55
 3162, 60, 29, 30, 14, 74, 28, 72, 38, 27
 3160, 16, 61, 44, 27, 76, 55, 71, 47, 47
 3164, 15, 43, 61, 43, 79, 47, 77, 55, 59
 3166, 15, 59, 44, 29, 82, 58, 77, 47, 47
 3161, 13, 59, 45, 41, 78, 56, 74, 45, 46
 3156, 14, 43, 59, 42, 84, 47, 80, 55, 62
  326, 67, 32, 32, 16, 74, 31, 73, 41, 30
  333, 15, 49, 69, 49, 82, 53, 84, 61, 69
  334, 15, 46, 68, 47, 82, 53, 80, 62, 66
  335, 17, 41, 67, 58, 72, 53, 56, 60, 67
  336, 14, 39, 66, 57, 79, 53, 71, 60, 69
  331, 13, 66, 46, 48, 79, 63, 80, 51, 52
  329, 15, 74, 47, 31, 78, 61, 70, 53, 56
  327, 15, 73, 49, 31, 82, 67, 78, 51, 55
  325, 77, 32, 32, 16, 75, 29, 69, 40, 30
  330, 13, 69, 49, 48, 72, 62, 64, 53, 53
  342, 14, 60, 70, 41, 76, 56, 70, 63, 73
  332, 14, 43, 76, 63, 85, 58, 82, 62, 77
  328, 17, 75, 49, 30, 78, 69, 75, 53, 59
  340, 16, 30, 54, 66, 83, 53, 76, 62, 62
  339, 15, 29, 47, 73, 81, 66, 73, 67, 60
  338, 17, 31, 46, 77, 82, 70, 77, 69, 60
  337, 17, 29, 48, 69, 80, 60, 73, 62, 60
  341, 13, 29, 56, 66, 85, 53, 85, 60, 60
 3183, 16, 59, 43, 29, 80, 54, 81, 46, 45
 3184, 60, 30, 28, 13, 72, 29, 72, 38, 30
 3185, 14, 62, 41, 28, 78, 56, 77, 46, 48
 3174, 14, 49, 61, 36, 80, 48, 80, 56, 61
 3173, 15, 42, 59, 41, 79, 48, 77, 56, 61
 3181, 13, 59, 43, 30, 83, 58, 80, 48, 48
 3180, 15, 45, 60, 42, 85, 45, 86, 57, 60
 3179, 13, 44, 60, 42, 82, 46, 81, 56, 60
 3178, 13, 29, 42, 62, 88, 54, 88, 55, 56
 3177, 13, 29, 51, 61, 82, 47, 78, 56, 54
 3175, 12, 29, 44, 61, 78, 57, 74, 55, 55
 3182, 15, 43, 60, 44, 82, 48, 83, 55, 62
 3168, 61, 29, 30, 15, 74, 27, 72, 39, 30
 3176, 13, 30, 42, 61, 75, 58, 59, 56, 54
 3172, 14, 62, 45, 27, 82, 57, 84, 47, 47
 3171, 13, 62, 41, 29, 78, 55, 68, 47, 46
 3170, 60, 27, 30, 13, 72, 29, 72, 38, 27
 3169, 13, 42, 60, 42, 83, 48, 84, 55, 61
 3189, 15, 64, 48, 29, 73, 58, 64, 48, 48
 3187, 16, 64, 46, 29, 69, 59, 59, 50, 52
 3186, 14, 40, 67, 56, 72, 52, 60, 61, 63
 3188, 13, 66, 46, 30, 80, 60, 81, 48, 52
 3203, 13, 30, 47, 67, 75, 60, 64, 61, 61
 3190, 63, 30, 30, 14, 75, 30, 74, 39, 30
 3191, 13, 64, 46, 30, 71, 61, 59, 51, 49
 3192, 64, 28, 31, 17, 72, 30, 69, 41, 29
 3193, 14, 66, 48, 28, 81, 62, 83, 50, 50
 3194, 13, 64, 46, 30, 78, 58, 76, 49, 50
 3195, 15, 65, 47, 47, 81, 59, 79, 49, 48
 3196, 14, 42, 66, 57, 81, 48, 74, 60, 67
 3197, 17, 67, 46, 30, 81, 61, 77, 50, 51
 3198, 14, 47, 67, 46, 85, 51, 85, 58, 65
 3199, 17, 46, 66, 44, 77, 52, 71, 60, 65
 3200, 13, 47, 67, 45, 76, 51, 70, 59, 64
 3202, 14, 44, 67, 47, 83, 49, 82, 60, 65
 3201, 16, 31, 45, 66, 76, 58, 67, 60, 59
  605, 14, 42, 63, 46, 82, 47, 80, 60, 65
  601, 16, 64, 44, 47, 81, 57, 78, 48, 48
  597, 15, 68, 44, 28, 77, 62, 69, 47, 52
  599, 16, 64, 44, 30, 78, 58, 70, 50, 48
  612, 16, 27, 45, 62, 83, 59, 82, 56, 57
  607, 15, 40, 66, 57, 84, 52, 85, 56, 68
  613, 13, 29, 55, 62, 84, 47, 81, 59, 57
  611, 14, 29, 55, 68, 86, 53, 83, 60, 57
  606, 16, 37, 64, 54, 81, 49, 75, 59, 65
  602, 14, 72, 45, 29, 74, 64, 70, 46, 57
  598, 13, 68, 42, 29, 79, 62, 71, 46, 51
  596, 73, 29, 30, 16, 76, 31, 69, 40, 28
  609, 16, 30, 46, 63, 86, 58, 83, 56, 56
  608, 14, 39, 67, 58, 80, 52, 73, 59, 67
  604, 15, 45, 62, 43, 80, 48, 77, 58, 64
  603, 14, 65, 73, 38, 82, 55, 82, 56, 73
  610, 14, 30, 61, 72, 81, 56, 77, 66, 60
  600, 16, 64, 46, 47, 81, 56, 79, 49, 46
 1643, 15, 66, 46, 29, 80, 60, 82, 50, 50
 1647, 16, 73, 44, 53, 75, 67, 72, 51, 55
 1648, 14, 44, 76, 45, 79, 57, 69, 58, 74
 1649, 13, 48, 68, 45, 85, 53, 84, 61, 68
 1654, 14, 57, 65, 41, 82, 50, 81, 58, 66
 1655, 16, 28, 56, 67, 82, 50, 76, 61, 59
 1656, 16, 28, 65, 75, 80, 57, 70, 67, 61
 1657, 16, 30, 45, 71, 81, 66, 76, 64, 60
 1658, 17, 29, 45, 65, 84, 59, 86, 59, 59
 1659, 14, 30, 44, 64, 85, 60, 81, 61, 59
 1642, 76, 31, 28, 14, 77, 31, 69, 42, 30
 1644, 15, 72, 48, 30, 80, 64, 80, 50, 54
 1651, 14, 47, 67, 47, 81, 52, 74, 58, 66
 1652, 14, 41, 67, 59, 85, 51, 84, 61, 65
 1653, 16, 39, 65, 54, 84, 51, 82, 60, 64
 1646, 15, 67, 44, 49, 82, 60, 78, 49, 51
 1645, 15, 70, 44, 29, 80, 62, 79, 50, 53
 1650, 14, 46, 71, 44, 70, 52, 57, 59, 70
 1118, 14, 31, 45, 71, 88, 65, 84, 65, 56
 1107, 13, 63, 46, 42, 77, 57, 75, 49, 47
 1106, 16, 69, 44, 29, 80, 63, 77, 49, 52
 1105, 13, 68, 46, 27, 82, 62, 77, 48, 50
 1104, 13, 63, 43, 28, 82, 59, 84, 48, 48
 1103, 15, 65, 46, 31, 77, 57, 66, 47, 50
 1102, 70, 28, 29, 13, 72, 28, 63, 38, 30
 1101, 61, 30, 30, 15, 68, 27, 64, 39, 30
 1111, 13, 46, 67, 43, 84, 50, 81, 56, 68
 1112, 14, 38, 65, 58, 79, 46, 70, 59, 64
 1113, 16, 39, 73, 64, 81, 56, 76, 60, 73
 1108, 14, 74, 44, 52, 73, 64, 68, 47, 55
 1109, 14, 52, 64, 40, 71, 50, 57, 58, 65
 1114, 15, 44, 65, 45, 84, 49, 82, 58, 62
 1115, 13, 30, 46, 62, 77, 56, 66, 58, 57
 1110, 13, 44, 66, 46, 70, 50, 55, 57, 69
 1116, 16, 29, 43, 64, 78, 57, 71, 58, 57
 1117, 16, 28, 54, 66, 84, 52, 81, 61, 59
 1221, 17, 51, 71, 52, 81, 56, 77, 67, 72
 1226, 16, 34, 61, 72, 87, 53, 85, 71, 65
 1220, 18, 52, 77, 53, 84, 60, 80, 66, 75
 1222, 14, 32, 49, 77, 79, 68, 74, 68, 66
 1223, 16, 31, 53, 80, 82, 74, 81, 72, 67
 1224, 17, 32, 64, 73, 87, 54, 85, 66, 66
 1225, 16, 33, 60, 74, 82, 56, 80, 65, 68
 1211, 15, 75, 52, 33, 75, 69, 64, 53, 58
 1219, 18, 51, 71, 51, 82, 54, 78, 64, 70
 1210, 82, 31, 31, 16, 81, 32, 81, 45, 30
 1212, 18, 76, 49, 31, 81, 71, 73, 56, 58
 1213, 17, 80, 53, 31, 80, 75, 78, 56, 61
 1214, 17, 71, 49, 30, 73, 66, 60, 56, 57
 1216, 15, 70, 51, 49, 71, 66, 60, 54, 56
 1217, 15, 43, 76, 65, 80, 58, 74, 65, 76
 1218, 16, 50, 79, 50, 72, 63, 57, 65, 81
 1215, 16, 73, 53, 54, 76, 67, 70, 57, 53
 1209, 73, 33, 33, 16, 73, 31, 71, 44, 32
 3214, 17, 71, 51, 49, 74, 64, 63, 54, 55
 3211, 16, 71, 53, 31, 81, 65, 78, 55, 56
 3219, 16, 42, 72, 59, 86, 56, 83, 65, 74
 3210, 71, 31, 30, 16, 70, 31, 62, 43, 33
 3209, 17, 32, 60, 72, 85, 54, 82, 66, 65
 3218, 17, 52, 71, 51, 83, 57, 78, 66, 71
 3217, 16, 72, 50, 32, 77, 65, 74, 55, 54
 3215, 14, 33, 52, 73, 87, 67, 87, 66, 66
 3221, 15, 44, 71, 60, 85, 53, 81, 66, 73
 3208, 15, 49, 73, 52, 82, 56, 78, 67, 72
 3212, 17, 34, 65, 73, 87, 57, 85, 64, 65
 3213, 14, 74, 52, 32, 78, 67, 72, 56, 53
 3207, 73, 31, 33, 15, 60, 32, 49, 45, 32
 3204, 18, 71, 52, 31, 82, 66, 80, 53, 55
 3205, 16, 31, 49, 71, 84, 67, 86, 64, 66
 3206, 18, 43, 71, 60, 77, 55, 73, 65, 70
 3220, 14, 50, 73, 49, 84, 57, 83, 66, 71
 3216, 15, 49, 72, 50, 84, 54, 78, 66, 71
 1050, 14, 72, 47, 29, 80, 67, 76, 52, 57
 1056, 14, 43, 72, 61, 81, 56, 79, 62, 71
 1055, 16, 46, 75, 50, 80, 58, 72, 64, 76
 1054, 15, 76, 49, 55, 74, 68, 63, 51, 58
 1053, 16, 68, 48, 45, 71, 60, 59, 52, 52
 1052, 15, 67, 46, 32, 73, 61, 62, 53, 50
 1051, 17, 71, 46, 29, 76, 65, 72, 53, 56
 1057, 16, 48, 71, 47, 86, 54, 84, 60, 73
 1064, 15, 29, 58, 68, 87, 50, 83, 64, 62
 1049, 15, 69, 49, 29, 75, 60, 72, 50, 53
 1048, 66, 30, 31, 17, 72, 29, 71, 43, 31
 1058, 16, 41, 68, 55, 72, 52, 63, 61, 68
 1059, 13, 42, 68, 58, 82, 52, 81, 62, 69
 1060, 16, 32, 48, 67, 88, 61, 86, 61, 61
 1061, 14, 32, 49, 78, 85, 68, 80, 69, 62
 1063, 14, 32, 60, 68, 84, 52, 82, 61, 60
 1047, 77, 30, 30, 17, 74, 31, 69, 42, 29
 1062, 16, 31, 60, 71, 83, 53, 75, 65, 63
 2114, 16, 33, 53, 74, 85, 66, 83, 67, 66
 2106, 15, 53, 76, 53, 76, 55, 69, 66, 75
 2112, 15, 34, 63, 73, 76, 56, 66, 68, 66
 2113, 16, 31, 53, 80, 81, 73, 78, 70, 68
 2100, 14, 73, 54, 34, 73, 67, 64, 57, 59
 2096, 16, 81, 53, 32, 82, 75, 85, 58, 62
 2097, 15, 80, 52, 32, 81, 71, 81, 57, 61
 2098, 16, 80, 52, 60, 68, 71, 55, 57, 61
 2108, 18, 32, 72, 84, 84, 64, 79, 76, 67
 2099, 16, 76, 52, 34, 79, 66, 74, 55, 58
 2111, 17, 34, 65, 73, 84, 57, 81, 67, 69
 2101, 75, 31, 31, 17, 65, 32, 50, 46, 32
 2102, 16, 52, 76, 51, 70, 58, 56, 69, 73
 2109, 15, 46, 80, 66, 72, 59, 61, 66, 79
 2104, 15, 52, 84, 54, 87, 64, 86, 67, 82
 2105, 16, 44, 73, 59, 75, 57, 61, 69, 73
 2107, 16, 44, 77, 63, 75, 62, 63, 69, 78
 2095, 81, 34, 32, 17, 83, 34, 83, 46, 33
 1825, 16, 80, 48, 30, 82, 70, 79, 52, 59
 1824, 72, 32, 31, 14, 68, 31, 63, 41, 31
 1823, 80, 31, 32, 17, 79, 32, 74, 41, 32
 1836, 14, 44, 75, 62, 83, 56, 81, 64, 75
 1832, 15, 47, 76, 51, 82, 57, 79, 65, 75
 1833, 17, 50, 71, 51, 81, 54, 81, 62, 71
 1840, 16, 30, 61, 72, 87, 55, 87, 66, 62
 1835, 15, 48, 71, 50, 80, 55, 73, 65, 70
 1830, 16, 71, 48, 48, 80, 62, 83, 52, 54
 1838, 14, 30, 48, 70, 83, 65, 79, 63, 63
 1837, 15, 41, 79, 66, 82, 60, 80, 62, 77
 1839, 14, 31, 51, 80, 86, 72, 83, 73, 62
 1834, 16, 50, 70, 50, 81, 53, 81, 64, 70
 1831, 16, 74, 51, 31, 70, 67, 58, 53, 56
 1829, 17, 68, 49, 48, 74, 64, 68, 52, 54
 1826, 17, 76, 50, 33, 75, 67, 70, 53, 56
 1827, 14, 68, 48, 33, 77, 65, 68, 52, 53
 1828, 14, 68, 49, 31, 76, 64, 72, 55, 55
 1884, 14, 75, 51, 52, 82, 68, 77, 55, 58
 1885, 16, 78, 50, 53, 74, 71, 65, 55, 61
 1886, 17, 48, 71, 48, 85, 53, 82, 63, 70
 1887, 16, 48, 73, 49, 83, 57, 84, 63, 75
 1889, 17, 49, 73, 48, 83, 57, 84, 65, 76
 1883, 16, 70, 49, 31, 80, 63, 73, 52, 54
 1895, 15, 30, 64, 74, 81, 56, 74, 69, 66
 1893, 17, 30, 56, 69, 83, 54, 81, 64, 65
 1892, 14, 32, 47, 71, 75, 62, 63, 65, 65
 1891, 16, 32, 48, 71, 82, 64, 73, 64, 63
 1890, 14, 43, 77, 64, 84, 62, 81, 65, 79
 1894, 17, 32, 70, 79, 86, 61, 83, 72, 62
 1881, 14, 73, 47, 32, 82, 70, 79, 53, 56
 1880, 14, 70, 49, 30, 81, 65, 79, 54, 54
 1879, 79, 31, 29, 17, 84, 31, 82, 44, 33
 1878, 69, 30, 29, 15, 73, 32, 74, 43, 32
 1882, 16, 71, 50, 32, 80, 63, 75, 52, 54
 1888, 14, 43, 68, 56, 83, 55, 82, 62, 69
 3229, 66, 29, 30, 14, 73, 30, 73, 43, 31
 3223, 17, 66, 48, 29, 75, 63, 70, 51, 51
 3236, 17, 67, 46, 31, 81, 60, 79, 52, 50
 3239, 17, 47, 66, 49, 78, 53, 77, 60, 69
 3238, 14, 69, 47, 30, 78, 62, 72, 51, 52
 3237, 15, 46, 69, 49, 84, 50, 81, 60, 67
 3232, 17, 69, 49, 31, 71, 60, 56, 52, 51
 3228, 15, 66, 46, 30, 82, 63, 79, 52, 51
 3230, 14, 67, 46, 32, 78, 60, 76, 51, 52
 3231, 14, 46, 68, 47, 75, 50, 63, 60, 68
 3222, 17, 32, 55, 68, 79, 50, 73, 64, 61
 3226, 17, 47, 66, 48, 76, 51, 66, 63, 68
 3225, 15, 68, 47, 32, 78, 63, 68, 50, 52
 3224, 16, 29, 58, 67, 84, 53, 80, 63, 63
 3233, 17, 31, 56, 66, 82, 53, 80, 63, 60
 3234, 13, 32, 49, 69, 80, 60, 74, 61, 62
 3235, 16, 30, 58, 69, 80, 53, 74, 60, 61
 3227, 14, 66, 46, 32, 78, 63, 73, 51, 52
 3242, 17, 71, 48, 32, 81, 64, 82, 55, 54
 3247, 17, 51, 69, 50, 71, 54, 58, 65, 71
 3257, 15, 51, 71, 47, 70, 53, 55, 63, 70
 3256, 14, 69, 48, 30, 81, 64, 78, 54, 53
 3255, 15, 31, 58, 71, 88, 54, 85, 64, 62
 3254, 72, 31, 32, 17, 72, 30, 71, 42, 32
 3253, 17, 68, 48, 31, 78, 65, 76, 54, 55
 3252, 14, 49, 71, 47, 80, 52, 70, 64, 69
 3251, 14, 49, 70, 48, 79, 53, 72, 64, 70
 3250, 70, 31, 30, 14, 73, 31, 72, 44, 31
 3244, 17, 71, 49, 33, 81, 64, 80, 54, 52
 3248, 15, 30, 60, 71, 79, 53, 73, 63, 63
 3246, 14, 50, 70, 49, 83, 54, 83, 65, 70
 3240, 15, 48, 70, 49, 85, 53, 83, 65, 70
 3241, 15, 41, 70, 61, 85, 51, 82, 64, 68
 3243, 14, 47, 71, 51, 72, 52, 57, 65, 70
 3245, 17, 72, 48, 32, 81, 66, 75, 54, 51
 3249, 15, 30, 48, 68, 80, 63, 75, 64, 64
 1190, 15, 31, 65, 80, 79, 60, 75, 75, 67
 1186, 14, 33, 49, 70, 78, 64, 70, 66, 67
 1185, 16, 50, 76, 52, 77, 57, 70, 67, 78
 1184, 17, 50, 72, 52, 82, 53, 76, 64, 70
 1178, 18, 74, 51, 32, 85, 64, 81, 54, 54
 1173, 71, 33, 30, 15, 76, 32, 72, 43, 30
 1174, 15, 82, 51, 32, 82, 72, 77, 55, 63
 1175, 83, 32, 33, 18, 75, 33, 69, 43, 33
 1176, 16, 75, 52, 32, 77, 70, 67, 54, 56
 1177, 16, 78, 51, 33, 77, 68, 75, 53, 58
 1187, 15, 31, 52, 72, 79, 65, 68, 67, 67
 1179, 17, 73, 53, 49, 77, 66, 70, 55, 55
 1189, 15, 33, 62, 77, 76, 60, 65, 70, 66
 1188, 15, 31, 62, 72, 87, 54, 84, 67, 65
 1182, 16, 63, 71, 44, 83, 57, 78, 64, 73
 1180, 16, 73, 50, 50, 77, 64, 71, 54, 56
 1181, 18, 43, 71, 60, 83, 54, 82, 64, 71
 1183, 15, 53, 79, 52, 80, 63, 74, 67, 81
 3133, 17, 69, 50, 33, 79, 62, 70, 51, 52
 3136, 14, 29, 56, 69, 81, 53, 73, 63, 63
 3135, 14, 71, 49, 32, 77, 63, 67, 52, 52
 3134, 17, 59, 70, 43, 76, 52, 72, 65, 70
 3132, 17, 32, 51, 69, 80, 65, 79, 64, 65
 3143, 16, 68, 48, 29, 77, 65, 75, 52, 52
 3137, 14, 50, 69, 50, 77, 54, 71, 65, 68
 3145, 71, 31, 29, 15, 74, 31, 73, 43, 29
 3148, 14, 68, 48, 29, 79, 63, 74, 55, 54
 3147, 14, 49, 68, 47, 80, 52, 72, 63, 68
 3144, 16, 48, 71, 48, 84, 54, 80, 63, 68
 3142, 16, 68, 51, 32, 82, 63, 79, 52, 52
 3141, 17, 41, 69, 61, 85, 54, 82, 66, 71
 3140, 16, 57, 71, 41, 81, 52, 75, 63, 68
 3139, 17, 71, 50, 29, 76, 63, 72, 52, 54
 3149, 14, 30, 50, 70, 84, 64, 81, 65, 65
 3138, 68, 31, 31, 17, 66, 31, 53, 44, 33
 3146, 15, 71, 49, 33, 82, 62, 79, 54, 52
  235, 80, 33, 32, 16, 81, 31, 78, 44, 31
  236, 17, 75, 52, 33, 73, 71, 66, 56, 58
  241, 17, 79, 51, 31, 75, 74, 71, 55, 61
  237, 17, 71, 51, 32, 75, 65, 62, 53, 55
  238, 14, 71, 49, 33, 78, 64, 75, 56, 54
  240, 14, 75, 51, 54, 80, 71, 74, 56, 56
  242, 16, 52, 78, 51, 81, 59, 77, 64, 78
  243, 16, 44, 82, 70, 82, 63, 80, 65, 79
  244, 15, 49, 73, 52, 82, 54, 79, 67, 71
  245, 15, 44, 70, 57, 83, 57, 80, 67, 71
  246, 16, 46, 71, 59, 81, 54, 74, 64, 73
  247, 18, 52, 77, 52, 84, 57, 81, 67, 77
  248, 16, 30, 50, 73, 72, 64, 60, 64, 65
  249, 17, 30, 70, 81, 83, 62, 81, 73, 66
  250, 17, 30, 69, 78, 81, 57, 74, 69, 65
  251, 15, 33, 52, 73, 85, 66, 86, 67, 67
  252, 15, 30, 53, 72, 81, 67, 81, 67, 64
  239, 17, 70, 50, 46, 82, 65, 82, 53, 56
  432, 16, 31, 63, 73, 73, 55, 60, 69, 63
  427, 15, 47, 70, 50, 74, 54, 66, 63, 70
  426, 15, 48, 74, 51, 80, 55, 73, 63, 76
  416, 69, 31, 30, 15, 64, 30, 52, 42, 30
  425, 15, 51, 76, 48, 83, 57, 80, 64, 72
  417, 77, 31, 32, 14, 80, 29, 78, 41, 30
  424, 14, 44, 68, 56, 83, 54, 81, 62, 69
  428, 16, 43, 69, 58, 77, 53, 73, 64, 68
  429, 17, 43, 78, 69, 74, 61, 63, 65, 80
  431, 13, 30, 50, 69, 82, 65, 79, 63, 62
  433, 17, 33, 67, 79, 88, 59, 87, 70, 64
  423, 17, 79, 49, 58, 70, 72, 59, 52, 59
  422, 15, 76, 49, 30, 85, 66, 83, 51, 55
  421, 15, 73, 47, 31, 71, 68, 55, 55, 58
  420, 14, 69, 48, 50, 82, 64, 80, 53, 52
  419, 17, 68, 49, 31, 81, 65, 82, 54, 52
  418, 14, 69, 49, 31, 77, 64, 73, 55, 54
  430, 15, 30, 47, 69, 82, 63, 75, 63, 62
 1474, 17, 34, 51, 79, 73, 73, 59, 73, 66
 1466, 15, 77, 50, 31, 74, 68, 61, 55, 59
 1464, 18, 73, 49, 52, 83, 65, 83, 53, 53
 1463, 15, 72, 52, 31, 83, 66, 83, 53, 54
 1462, 16, 70, 52, 33, 82, 67, 80, 57, 54
 1465, 14, 76, 52, 33, 74, 70, 69, 53, 59
 1467, 15, 45, 71, 57, 86, 55, 83, 65, 71
 1468, 16, 50, 81, 51, 83, 60, 79, 65, 81
 1469, 15, 51, 71, 49, 81, 54, 80, 65, 71
 1470, 15, 52, 72, 49, 82, 56, 82, 65, 72
 1471, 17, 42, 77, 64, 79, 60, 75, 67, 76
 1473, 14, 51, 75, 51, 83, 59, 80, 66, 75
 1475, 15, 34, 50, 71, 87, 67, 82, 67, 64
 1476, 14, 33, 61, 74, 76, 56, 60, 67, 67
 1477, 15, 30, 64, 77, 80, 60, 69, 71, 67
 1478, 17, 82, 50, 57, 80, 72, 78, 57, 61
 1461, 80, 32, 33, 16, 82, 31, 80, 43, 31
 1472, 18, 43, 73, 60, 83, 54, 83, 67, 72
 1609, 16, 71, 49, 31, 80, 65, 78, 51, 57
 1608, 14, 78, 48, 32, 80, 70, 78, 53, 58
 1618, 15, 48, 69, 46, 86, 50, 85, 62, 69
 1610, 16, 70, 47, 29, 70, 68, 58, 54, 56
 1611, 14, 69, 49, 48, 76, 62, 72, 52, 52
 1607, 14, 68, 48, 30, 81, 61, 84, 51, 53
 1613, 16, 47, 74, 47, 86, 54, 85, 60, 73
 1616, 14, 42, 69, 61, 83, 53, 84, 63, 66
 1623, 14, 31, 69, 78, 85, 60, 84, 69, 61
 1622, 14, 32, 46, 66, 86, 61, 83, 63, 61
 1621, 16, 30, 46, 72, 85, 67, 84, 65, 61
 1620, 14, 42, 75, 64, 72, 60, 58, 62, 75
 1617, 17, 48, 67, 46, 77, 51, 71, 62, 68
 1614, 16, 46, 71, 46, 80, 53, 76, 60, 72
 1612, 15, 69, 49, 49, 77, 63, 73, 53, 53
 1605, 67, 29, 32, 16, 76, 29, 74, 39, 30
 1606, 77, 31, 30, 16, 81, 32, 84, 43, 31
 1615, 15, 42, 68, 56, 83, 52, 80, 63, 66
 1141, 16, 84, 57, 35, 82, 74, 84, 62, 64
 1142, 17, 85, 55, 34, 78, 77, 70, 60, 65
 1143, 15, 86, 57, 36, 72, 80, 56, 60, 68
 1144, 18, 54, 79, 54, 84, 61, 82, 73, 77
 1145, 16, 68, 77, 48, 72, 61, 61, 73, 79
 1138, 89, 36, 34, 15, 76, 33, 69, 47, 35
 1140, 16, 81, 55, 55, 81, 71, 83, 59, 58
 1154, 16, 72, 85, 49, 86, 62, 86, 73, 83
 1146, 19, 57, 86, 54, 83, 68, 82, 73, 89
 1153, 18, 34, 72, 83, 83, 62, 76, 74, 73
 1152, 18, 32, 56, 80, 87, 72, 82, 71, 71
 1149, 16, 32, 57, 87, 79, 80, 66, 80, 73
 1148, 15, 49, 78, 63, 84, 58, 83, 70, 78
 1151, 18, 33, 70, 80, 87, 58, 86, 71, 72
 1150, 15, 33, 54, 78, 83, 72, 81, 70, 72
 1147, 19, 54, 83, 56, 85, 62, 79, 71, 85
 1137, 79, 34, 33, 16, 61, 32, 51, 47, 32
 1139, 19, 77, 56, 34, 82, 71, 76, 59, 58
 1196, 17, 72, 49, 32, 83, 64, 79, 55, 56
 1192, 17, 82, 50, 59, 75, 71, 67, 57, 60
 1193, 14, 71, 50, 33, 84, 67, 80, 55, 54
 1208, 17, 31, 70, 83, 80, 62, 76, 74, 65
 1194, 16, 73, 51, 33, 79, 68, 73, 56, 56
 1195, 16, 73, 51, 32, 81, 67, 79, 56, 54
 1197, 18, 75, 51, 33, 83, 70, 81, 57, 57
 1207, 15, 32, 61, 75, 82, 57, 75, 69, 65
 1206, 16, 33, 52, 73, 77, 68, 69, 66, 67
 1203, 14, 52, 75, 52, 72, 57, 60, 66, 78
 1198, 16, 78, 49, 52, 78, 70, 74, 56, 56
 1199, 15, 62, 74, 45, 82, 54, 83, 65, 71
 1200, 14, 44, 82, 70, 83, 62, 84, 65, 80
 1201, 17, 45, 70, 61, 83, 56, 83, 66, 71
 1202, 17, 50, 73, 52, 80, 56, 74, 65, 70
 1205, 16, 31, 51, 71, 87, 64, 88, 64, 67
 1204, 14, 52, 71, 52, 84, 54, 84, 66, 70
 1191, 83, 30, 30, 17, 71, 32, 62, 42, 32
 3122, 16, 71, 50, 30, 72, 65, 62, 53, 53
 3127, 17, 31, 57, 70, 84, 54, 84, 64, 65
 3129, 17, 31, 55, 68, 82, 54, 80, 63, 63
 3126, 13, 62, 70, 41, 85, 53, 82, 64, 71
 3125, 69, 31, 32, 15, 69, 33, 64, 42, 32
 3123, 16, 70, 49, 31, 75, 62, 67, 52, 52
 3130, 17, 33, 60, 69, 75, 54, 62, 65, 63
 3121, 14, 68, 51, 30, 76, 65, 70, 54, 52
 3120, 15, 71, 48, 29, 81, 64, 80, 55, 53
 3119, 14, 42, 69, 57, 83, 52, 83, 63, 70
 3124, 14, 71, 49, 33, 76, 63, 69, 53, 52
 3117, 17, 49, 70, 49, 79, 55, 74, 62, 71
 3116, 17, 58, 70, 41, 80, 54, 80, 65, 68
 3115, 17, 70, 49, 33, 82, 63, 83, 55, 53
 3114, 17, 71, 48, 32, 77, 66, 71, 53, 55
 3113, 16, 71, 48, 30, 82, 65, 80, 53, 54
 3128, 14, 69, 49, 29, 77, 62, 76, 54, 52
 3118, 14, 49, 68, 50, 77, 52, 68, 63, 68
 3096, 13, 31, 48, 70, 76, 62, 63, 64, 64
 3103, 17, 71, 48, 31, 82, 64, 83, 53, 53
 3101, 15, 70, 49, 30, 69, 63, 60, 53, 52
 3100, 16, 49, 69, 48, 85, 55, 86, 65, 70
 3099, 16, 50, 72, 51, 72, 53, 60, 63, 68
 3097, 15, 30, 56, 68, 86, 54, 86, 64, 63
 3104, 16, 69, 50, 50, 77, 66, 73, 54, 53
 3095, 15, 50, 71, 49, 74, 52, 61, 63, 70
 3098, 17, 47, 71, 50, 79, 55, 78, 62, 69
 3112, 70, 31, 30, 16, 72, 31, 66, 43, 31
 3106, 17, 49, 68, 51, 85, 55, 80, 65, 68
 3107, 17, 29, 57, 69, 81, 54, 74, 62, 66
 3108, 17, 70, 49, 32, 84, 64, 80, 54, 52
 3109, 17, 70, 50, 52, 81, 65, 82, 54, 52
 3110, 14, 51, 71, 51, 82, 51, 80, 65, 68
 3111, 71, 31, 29, 15, 74, 30, 75, 42, 32
 3105, 15, 69, 51, 29, 82, 63, 81, 51, 52
 3102, 17, 30, 59, 71, 86, 53, 81, 63, 64
 3082, 66, 32, 29, 15, 69, 29, 66, 42, 30
 3081, 15, 67, 49, 29, 77, 61, 75, 53, 51
 3080, 17, 42, 66, 58, 82, 51, 81, 60, 68
 3079, 17, 47, 69, 47, 81, 53, 71, 62, 69
 3078, 15, 67, 48, 32, 79, 63, 76, 54, 50
 3077, 16, 31, 46, 69, 78, 64, 71, 61, 63
 3084, 14, 46, 68, 47, 70, 52, 57, 60, 69
 3085, 14, 68, 49, 31, 76, 63, 73, 51, 51
 3092, 13, 31, 57, 66, 81, 54, 72, 60, 63
 3086, 13, 68, 48, 32, 82, 60, 83, 50, 53
 3093, 13, 68, 48, 30, 70, 63, 61, 53, 53
 3083, 13, 40, 66, 58, 81, 53, 74, 63, 68
 3091, 69, 31, 32, 13, 62, 31, 51, 42, 29
 3090, 15, 40, 69, 56, 79, 51, 72, 60, 67
 3089, 17, 48, 68, 46, 79, 53, 74, 63, 67
 3088, 17, 31, 59, 67, 85, 53, 82, 62, 62
 3087, 66, 31, 32, 17, 66, 32, 60, 43, 31
 3094, 15, 67, 47, 32, 81, 60, 80, 53, 53
 3069, 13, 47, 68, 49, 76, 51, 69, 61, 69
 3068, 16, 66, 47, 32, 77, 63, 73, 53, 51
 3067, 16, 67, 49, 31, 79, 62, 73, 53, 52
 3070, 14, 31, 47, 66, 86, 62, 86, 60, 60
 3063, 69, 30, 31, 17, 72, 32, 66, 39, 29
 3064, 13, 32, 54, 66, 86, 53, 84, 62, 62
 3066, 14, 61, 69, 40, 79, 52, 78, 60, 69
 3071, 16, 31, 46, 69, 82, 63, 73, 63, 63
 3072, 14, 67, 49, 47, 81, 61, 78, 50, 53
 3076, 14, 48, 69, 49, 77, 53, 74, 60, 68
 3073, 14, 47, 66, 46, 85, 51, 82, 62, 66
 3065, 14, 42, 69, 60, 85, 54, 82, 60, 69
 3075, 17, 69, 48, 31, 79, 63, 74, 51, 50
 3074, 16, 29, 48, 67, 81, 63, 78, 61, 61
 3059, 16, 66, 48, 29, 82, 60, 79, 53, 53
 3060, 68, 30, 29, 15, 68, 30, 64, 40, 29
 3061, 15, 41, 67, 58, 85, 52, 83, 61, 68
 3062, 13, 67, 47, 30, 81, 61, 78, 50, 52
 3017, 71, 33, 32, 15, 75, 31, 72, 42, 30
 3024, 17, 63, 73, 45, 84, 55, 84, 68, 70
 3010, 15, 43, 70, 60, 78, 55, 71, 66, 71
 3012, 16, 73, 53, 51, 84, 66, 83, 55, 56
 3013, 17, 49, 72, 49, 86, 56, 82, 65, 73
 3019, 18, 52, 73, 49, 80, 55, 75, 66, 72
 3008, 16, 72, 52, 33, 81, 65, 76, 54, 56
 3022, 18, 51, 70, 51, 72, 57, 59, 66, 72
 3027, 16, 73, 49, 49, 81, 66, 77, 54, 55
 3023, 16, 73, 50, 54, 78, 66, 76, 57, 54
 3009, 15, 72, 50, 32, 80, 66, 79, 54, 55
 3026, 17, 31, 62, 74, 72, 54, 60, 67, 65
 3006, 18, 71, 51, 31, 72, 66, 63, 57, 56
 3005, 16, 31, 52, 70, 73, 64, 63, 67, 66
 3025, 17, 51, 73, 49, 81, 53, 81, 64, 73
 3015, 16, 44, 71, 61, 82, 57, 80, 65, 71
 3007, 17, 32, 49, 72, 80, 65, 73, 65, 64
 3028, 16, 33, 52, 71, 82, 64, 82, 67, 64
  144, 17, 34, 62, 77, 83, 58, 75, 70, 69
  130, 16, 77, 54, 34, 79, 70, 72, 57, 59
  141, 18, 32, 52, 87, 74, 79, 64, 78, 71
  142, 17, 33, 67, 81, 82, 60, 73, 74, 71
  143, 15, 34, 55, 75, 83, 70, 77, 71, 68
  127, 87, 31, 31, 17, 82, 32, 78, 47, 32
  128, 75, 35, 33, 16, 76, 32, 71, 47, 31
  129, 18, 87, 55, 34, 79, 79, 78, 56, 65
  140, 16, 52, 82, 54, 81, 62, 75, 69, 80
  131, 17, 77, 52, 34, 83, 71, 81, 60, 58
  132, 18, 83, 54, 54, 78, 71, 75, 58, 60
  133, 15, 81, 55, 54, 78, 72, 71, 59, 63
  134, 15, 47, 85, 75, 82, 67, 82, 68, 85
  135, 15, 46, 76, 64, 74, 58, 66, 69, 76
  136, 17, 45, 78, 69, 81, 58, 72, 68, 76
  137, 17, 65, 76, 46, 75, 58, 66, 68, 78
  138, 18, 53, 75, 53, 71, 59, 59, 70, 77
  139, 16, 54, 79, 53, 85, 62, 83, 70, 80
 2118, 18, 85, 52, 33, 77, 79, 66, 57, 67
 2123, 18, 52, 78, 55, 88, 59, 84, 70, 76
 2120, 16, 80, 52, 33, 75, 74, 65, 57, 63
 2121, 15, 76, 52, 35, 83, 68, 84, 58, 59
 2122, 16, 76, 52, 51, 81, 69, 83, 58, 59
 2124, 17, 55, 79, 54, 83, 61, 81, 69, 75
 2126, 15, 55, 75, 53, 83, 58, 84, 70, 77
 2127, 16, 73, 87, 48, 79, 63, 77, 69, 85
 2128, 15, 34, 54, 86, 84, 78, 80, 79, 70
 2129, 15, 34, 66, 78, 87, 57, 83, 70, 69
 2130, 16, 34, 62, 76, 81, 57, 72, 68, 70
 2131, 18, 34, 67, 75, 84, 59, 80, 68, 68
 2132, 17, 31, 69, 82, 86, 61, 83, 75, 69
 2133, 16, 48, 79, 68, 75, 63, 65, 68, 81
 2117, 76, 35, 33, 16, 69, 32, 62, 47, 34
 2119, 16, 82, 53, 32, 80, 72, 78, 57, 61
 2116, 87, 31, 32, 15, 77, 31, 70, 46, 32
 2125, 18, 54, 75, 52, 74, 59, 65, 68, 77
 2991, 14, 68, 50, 32, 81, 61, 76, 50, 50
 3003, 17, 54, 66, 41, 81, 53, 80, 63, 67
 3002, 16, 31, 49, 66, 79, 63, 72, 62, 61
 3001, 16, 68, 47, 31, 79, 60, 78, 53, 50
 2987, 15, 67, 47, 44, 85, 61, 83, 51, 50
 3000, 15, 69, 46, 32, 75, 60, 67, 50, 52
 2988, 16, 56, 67, 42, 82, 52, 83, 60, 66
 3004, 15, 30, 49, 68, 78, 64, 63, 61, 63
 2990, 14, 48, 67, 50, 71, 51, 56, 63, 69
 2992, 17, 67, 49, 29, 80, 62, 81, 52, 52
 2999, 68, 29, 32, 15, 73, 30, 70, 40, 30
 2998, 15, 31, 56, 67, 82, 50, 74, 64, 60
 2997, 16, 47, 69, 49, 84, 53, 79, 63, 67
 2996, 16, 40, 69, 56, 81, 53, 79, 60, 68
 2995, 14, 31, 57, 66, 77, 51, 66, 62, 60
 2994, 67, 31, 32, 16, 73, 31, 72, 42, 30
 2993, 15, 39, 68, 59, 80, 50, 75, 60, 68
 2989, 14, 48, 68, 48, 77, 53, 70, 62, 69
 2454, 16, 58, 69, 41, 81, 53, 79, 62, 67
 2458, 14, 68, 48, 32, 83, 63, 81, 51, 51
 2443, 15, 46, 69, 49, 85, 51, 83, 60, 69
 2444, 17, 42, 69, 58, 84, 52, 82, 61, 69
 2445, 15, 29, 49, 66, 80, 60, 74, 62, 62
 2446, 14, 69, 49, 46, 80, 61, 76, 50, 51
 2457, 16, 49, 69, 46, 80, 53, 72, 61, 69
 2455, 15, 68, 46, 29, 77, 63, 69, 50, 50
 2453, 15, 68, 46, 31, 82, 64, 78, 51, 50
 2452, 17, 29, 60, 68, 86, 50, 83, 63, 63
 2451, 15, 69, 47, 31, 84, 61, 84, 54, 54
 2447, 68, 32, 32, 17, 75, 30, 75, 42, 32
 2448, 17, 32, 46, 68, 82, 61, 81, 63, 63
 2449, 67, 29, 32, 13, 67, 32, 64, 42, 30
 2450, 15, 49, 69, 47, 82, 50, 83, 62, 69
 2460, 16, 67, 50, 47, 75, 61, 71, 53, 52
 2459, 14, 42, 67, 58, 80, 51, 76, 61, 66
 2456, 14, 30, 57, 68, 74, 51, 63, 64, 61
 1632, 17, 50, 69, 48, 84, 52, 79, 62, 68
 1624, 81, 31, 30, 17, 82, 33, 79, 42, 29
 1625, 16, 77, 48, 31, 81, 73, 79, 55, 60
 1627, 16, 70, 48, 32, 83, 64, 79, 53, 51
 1628, 16, 76, 49, 32, 76, 67, 70, 51, 56
 1629, 16, 71, 51, 47, 81, 62, 81, 53, 53
 1631, 14, 49, 73, 47, 85, 58, 85, 63, 72
 1626, 16, 73, 48, 29, 83, 69, 77, 53, 56
 1633, 16, 48, 73, 51, 75, 59, 64, 64, 72
 1634, 17, 48, 79, 50, 83, 60, 84, 65, 81
 1635, 17, 44, 70, 57, 76, 54, 66, 65, 71
 1636, 16, 42, 71, 60, 77, 52, 69, 64, 69
 1637, 16, 43, 69, 58, 85, 55, 83, 65, 68
 1638, 14, 30, 49, 68, 86, 64, 83, 64, 64
 1639, 15, 33, 49, 76, 84, 66, 78, 66, 65
 1640, 14, 32, 66, 79, 79, 60, 75, 73, 64
 1641, 17, 32, 59, 69, 87, 55, 86, 63, 63
 1630, 15, 70, 48, 51, 80, 62, 74, 54, 54
 1274, 18, 43, 74, 60, 77, 56, 71, 67, 71
 1266, 17, 70, 50, 32, 72, 64, 58, 55, 56
 1271, 14, 61, 73, 46, 80, 55, 74, 67, 72
 1270, 17, 78, 52, 51, 79, 71, 75, 55, 57
 1269, 18, 81, 50, 54, 81, 72, 83, 56, 60
 1268, 15, 77, 51, 32, 80, 70, 79, 53, 59
 1264, 73, 32, 30, 18, 74, 34, 73, 45, 33
 1273, 14, 52, 76, 49, 81, 58, 79, 67, 77
 1275, 14, 43, 71, 63, 78, 57, 68, 67, 72
 1265, 18, 74, 50, 32, 80, 67, 74, 56, 55
 1263, 80, 31, 31, 17, 78, 31, 74, 43, 33
 1267, 15, 73, 52, 31, 77, 67, 70, 56, 55
 1280, 17, 30, 63, 71, 84, 54, 82, 66, 66
 1279, 16, 33, 50, 76, 83, 70, 85, 70, 66
 1278, 14, 32, 50, 81, 88, 71, 86, 75, 65
 1277, 15, 52, 77, 53, 82, 58, 75, 65, 77
 1276, 16, 52, 80, 52, 83, 61, 80, 65, 82
 1272, 17, 52, 74, 52, 79, 55, 71, 65, 73
 2488, 16, 67, 45, 28, 77, 58, 71, 49, 51
 2465, 66, 28, 30, 15, 71, 32, 64, 41, 29
 2468, 15, 65, 47, 31, 82, 59, 79, 49, 51
 2467, 15, 66, 45, 28, 83, 58, 82, 51, 50
 2481, 15, 28, 52, 64, 77, 51, 68, 58, 62
 2464, 14, 45, 67, 45, 83, 48, 80, 58, 67
 2463, 16, 45, 64, 48, 74, 51, 63, 59, 67
 2483, 16, 46, 67, 44, 85, 48, 83, 60, 64
 2486, 16, 55, 64, 38, 83, 52, 83, 59, 65
 2470, 15, 29, 57, 66, 82, 49, 73, 58, 59
 2490, 13, 52, 64, 39, 81, 49, 82, 61, 67
 2492, 15, 65, 45, 47, 71, 59, 55, 51, 51
 2495, 66, 29, 31, 14, 73, 29, 74, 38, 28
 2496, 14, 65, 45, 28, 71, 60, 58, 50, 51
 2461, 14, 67, 48, 29, 75, 58, 70, 49, 52
 2479, 16, 41, 65, 58, 73, 49, 59, 62, 65
 2476, 15, 30, 45, 64, 85, 61, 79, 60, 61
 2485, 13, 30, 54, 64, 80, 49, 73, 62, 60
 2499, 76, 34, 35, 16, 75, 34, 77, 46, 33
 2513, 15, 35, 62, 76, 84, 59, 82, 68, 71
 2512, 16, 54, 77, 56, 85, 58, 81, 71, 77
 2511, 16, 54, 78, 53, 74, 57, 58, 70, 75
 2510, 16, 77, 54, 32, 85, 68, 84, 60, 59
 2509, 76, 33, 35, 16, 75, 33, 78, 45, 33
 2508, 16, 35, 53, 75, 84, 68, 78, 69, 71
 2505, 78, 32, 33, 18, 71, 33, 71, 47, 35
 2514, 18, 52, 75, 53, 86, 57, 86, 71, 75
 2501, 16, 55, 78, 52, 84, 58, 85, 70, 77
 2498, 16, 56, 78, 54, 70, 58, 60, 71, 78
 2497, 15, 76, 53, 32, 79, 68, 74, 58, 59
 2500, 15, 35, 63, 76, 84, 57, 85, 70, 71
 2506, 18, 76, 52, 35, 78, 71, 71, 58, 56
 2504, 16, 75, 55, 32, 79, 68, 72, 57, 58
 2503, 15, 55, 76, 52, 80, 59, 74, 71, 78
 2502, 18, 75, 52, 32, 78, 70, 71, 58, 58
 2507, 17, 35, 55, 75, 77, 69, 67, 71, 69
  702, 15, 32, 47, 78, 85, 71, 85, 68, 62
  703, 15, 29, 48, 71, 83, 67, 75, 67, 60
  701, 14, 49, 75, 46, 72, 57, 55, 62, 77
  700, 16, 42, 66, 58, 82, 51, 81, 60, 68
  699, 14, 30, 58, 68, 80, 52, 78, 60, 62
  697, 15, 48, 74, 48, 70, 53, 57, 63, 72
  695, 15, 49, 66, 50, 79, 52, 72, 61, 69
  694, 17, 77, 47, 30, 84, 68, 85, 50, 57
  693, 15, 66, 46, 29, 81, 63, 82, 53, 52
  692, 15, 73, 46, 48, 83, 66, 78, 52, 54
  691, 14, 66, 50, 44, 85, 61, 81, 51, 51
  690, 16, 73, 47, 31, 82, 66, 77, 50, 56
  689, 17, 69, 47, 31, 78, 61, 73, 53, 52
  688, 14, 69, 46, 30, 70, 62, 60, 51, 53
  686, 78, 29, 32, 16, 76, 31, 68, 41, 30
  698, 14, 42, 73, 61, 70, 55, 58, 64, 72
  687, 67, 31, 29, 14, 74, 30, 70, 43, 32
  696, 16, 46, 68, 49, 83, 51, 81, 60, 66
 1567, 15, 34, 66, 74, 84, 56, 81, 69, 67
 1551, 85, 33, 33, 18, 81, 31, 81, 43, 33
 1565, 16, 32, 66, 80, 86, 59, 85, 72, 66
 1564, 15, 33, 54, 74, 81, 68, 76, 66, 67
 1555, 16, 74, 53, 31, 82, 69, 79, 58, 55
 1568, 14, 33, 64, 76, 82, 56, 81, 69, 69
 1566, 17, 31, 54, 84, 77, 74, 66, 75, 69
 1554, 16, 74, 51, 34, 75, 68, 66, 57, 58
 1553, 15, 78, 54, 32, 70, 72, 61, 57, 59
 1561, 15, 43, 80, 71, 81, 62, 72, 68, 81
 1556, 15, 74, 50, 34, 78, 69, 75, 59, 55
 1557, 16, 80, 54, 54, 79, 71, 74, 57, 60
 1558, 16, 84, 53, 61, 73, 77, 62, 59, 64
 1559, 17, 51, 84, 54, 84, 64, 82, 66, 84
 1560, 15, 51, 74, 51, 85, 56, 84, 69, 75
 1552, 74, 32, 31, 17, 75, 34, 74, 44, 34
 1563, 16, 52, 80, 52, 84, 57, 79, 66, 75
 1562, 16, 53, 78, 52, 86, 58, 87, 68, 80
  643, 13, 37, 65, 53, 81, 47, 81, 56, 62
  644, 13, 37, 63, 53, 81, 47, 79, 57, 62
  645, 16, 29, 44, 68, 81, 61, 73, 63, 58
  646, 15, 28, 43, 65, 85, 57, 81, 57, 59
  647, 13, 29, 55, 65, 87, 47, 84, 57, 59
  649, 16, 43, 61, 45, 80, 49, 73, 57, 62
  642, 16, 38, 69, 57, 77, 50, 74, 57, 68
  636, 14, 72, 44, 29, 75, 65, 68, 48, 55
  648, 15, 28, 59, 71, 82, 54, 79, 66, 58
  632, 64, 31, 30, 16, 74, 28, 71, 39, 28
  640, 13, 59, 72, 39, 82, 56, 81, 60, 72
  639, 13, 68, 46, 30, 77, 61, 69, 49, 53
  637, 13, 63, 45, 46, 81, 58, 78, 47, 47
  635, 15, 63, 44, 28, 77, 58, 70, 47, 47
  634, 16, 68, 46, 30, 68, 63, 55, 50, 53
  633, 73, 28, 29, 14, 83, 29, 80, 38, 30
  641, 16, 43, 67, 44, 84, 52, 80, 56, 67
  638, 13, 61, 46, 42, 67, 56, 52, 47, 48
 2534, 16, 43, 68, 58, 80, 52, 78, 63, 67
 2533, 15, 68, 46, 29, 70, 61, 58, 50, 52
 2536, 16, 28, 49, 66, 79, 61, 69, 62, 64
 2538, 16, 67, 49, 49, 69, 63, 55, 53, 50
 2539, 68, 32, 29, 13, 75, 30, 72, 40, 29
 2540, 14, 48, 67, 47, 87, 54, 84, 60, 69
 2543, 15, 40, 69, 61, 71, 50, 60, 61, 69
 2542, 14, 66, 48, 31, 72, 62, 59, 51, 53
 2537, 17, 68, 48, 29, 75, 60, 69, 53, 53
 2541, 15, 50, 68, 49, 71, 52, 59, 63, 66
 2535, 14, 69, 49, 31, 79, 60, 77, 51, 53
 2545, 15, 47, 68, 49, 73, 51, 67, 62, 68
 2544, 66, 30, 29, 16, 73, 32, 72, 41, 31
 2546, 14, 30, 47, 66, 81, 60, 73, 61, 62
 2547, 15, 55, 66, 42, 84, 50, 80, 60, 69
 2548, 15, 28, 58, 66, 86, 50, 85, 63, 62
 2550, 14, 67, 47, 31, 70, 60, 59, 51, 51
 2549, 14, 30, 56, 66, 84, 53, 80, 63, 60
 1417, 17, 52, 80, 54, 84, 60, 84, 69, 81
 1418, 16, 48, 76, 63, 82, 60, 74, 69, 77
 1419, 17, 48, 82, 70, 81, 63, 74, 68, 80
 1420, 15, 35, 54, 76, 85, 68, 82, 71, 71
 1416, 16, 54, 86, 53, 72, 64, 63, 69, 87
 1423, 15, 34, 63, 78, 78, 57, 66, 68, 68
 1409, 18, 80, 53, 34, 82, 75, 80, 59, 63
 1422, 15, 35, 63, 77, 85, 60, 77, 68, 71
 1424, 17, 34, 56, 82, 80, 73, 75, 73, 68
 1414, 16, 83, 54, 57, 74, 74, 64, 60, 61
 1407, 87, 32, 32, 17, 74, 34, 65, 48, 35
 1415, 18, 55, 75, 52, 83, 59, 81, 69, 77
 1413, 17, 76, 55, 52, 83, 70, 84, 58, 60
 1412, 17, 78, 56, 33, 81, 70, 74, 58, 59
 1411, 17, 86, 55, 33, 81, 77, 78, 59, 65
 1410, 15, 75, 54, 34, 76, 70, 72, 58, 57
 1421, 16, 35, 53, 85, 89, 77, 86, 76, 69
 1408, 76, 32, 34, 15, 71, 34, 68, 48, 35
 2246, 14, 68, 49, 30, 76, 62, 69, 53, 54
 2251, 17, 75, 51, 49, 82, 68, 79, 54, 58
 2250, 16, 76, 50, 54, 80, 68, 81, 55, 55
 2249, 14, 68, 50, 30, 84, 65, 81, 54, 52
 2248, 14, 79, 49, 33, 79, 70, 74, 55, 61
 2247, 15, 70, 50, 32, 67, 65, 55, 52, 54
 2254, 13, 51, 75, 50, 83, 57, 81, 63, 72
 2245, 68, 31, 33, 16, 71, 32, 67, 41, 32
 2253, 15, 49, 68, 51, 81, 52, 78, 65, 69
 2252, 17, 41, 81, 69, 81, 62, 77, 65, 78
 2255, 15, 48, 74, 48, 78, 55, 72, 65, 74
 2256, 17, 43, 69, 60, 69, 55, 59, 64, 70
 2257, 15, 30, 51, 79, 82, 70, 77, 73, 66
 2258, 15, 30, 51, 69, 86, 63, 87, 62, 63
 2260, 15, 33, 50, 73, 85, 69, 84, 68, 65
 2244, 78, 32, 31, 17, 81, 30, 80, 44, 30
 2261, 14, 33, 60, 69, 86, 53, 81, 65, 63
 2259, 15, 32, 57, 68, 83, 52, 82, 64, 62
 1500, 14, 73, 46, 31, 72, 66, 63, 54, 56
 1497, 75, 31, 31, 15, 81, 29, 78, 43, 32
 1498, 13, 66, 50, 31, 77, 60, 75, 53, 52
 1499, 14, 68, 48, 46, 77, 63, 72, 50, 52
 1508, 14, 39, 66, 55, 71, 53, 60, 63, 69
 1501, 17, 73, 49, 31, 76, 64, 68, 51, 54
 1507, 13, 41, 66, 56, 83, 51, 87, 63, 69
 1509, 14, 60, 71, 43, 81, 55, 74, 60, 71
 1510, 17, 47, 71, 47, 78, 57, 69, 63, 71
 1511, 16, 32, 49, 69, 84, 61, 83, 63, 61
 1512, 14, 30, 47, 66, 85, 60, 83, 61, 60
 1513, 14, 31, 63, 78, 73, 60, 60, 71, 63
 1514, 13, 32, 63, 71, 84, 55, 86, 64, 61
 1503, 14, 49, 75, 46, 83, 58, 81, 63, 76
 1502, 17, 77, 46, 55, 82, 68, 81, 50, 57
 1506, 16, 49, 68, 49, 80, 53, 72, 60, 66
 1505, 16, 68, 47, 47, 81, 61, 77, 51, 51
 1504, 15, 42, 68, 55, 77, 53, 70, 63, 66
 2552, 16, 47, 64, 47, 85, 51, 81, 61, 67
 2556, 13, 63, 45, 31, 76, 59, 69, 50, 52
 2567, 15, 66, 47, 30, 79, 58, 78, 51, 49
 2557, 14, 64, 45, 43, 78, 58, 76, 51, 49
 2558, 15, 67, 47, 30, 80, 61, 81, 49, 48
 2553, 16, 29, 57, 66, 72, 51, 62, 60, 58
 2559, 13, 47, 64, 46, 76, 50, 69, 60, 65
 2563, 16, 66, 47, 28, 75, 60, 69, 49, 51
 2560, 14, 56, 66, 38, 82, 51, 77, 58, 64
 2551, 14, 31, 44, 67, 81, 61, 73, 60, 59
 2720, 17, 56, 64, 39, 73, 50, 66, 61, 67
 2562, 15, 39, 65, 53, 78, 48, 72, 59, 67
 2566, 67, 29, 29, 14, 70, 31, 68, 40, 29
 2565, 14, 47, 66, 45, 83, 49, 81, 59, 65
 2564, 16, 39, 65, 53, 80, 49, 77, 61, 65
 2555, 66, 31, 28, 13, 70, 29, 69, 39, 31
 2554, 16, 65, 46, 29, 74, 59, 62, 49, 50
 2561, 17, 65, 45, 31, 79, 60, 75, 50, 50
 2583, 14, 40, 69, 61, 77, 54, 72, 62, 66
 2578, 14, 58, 69, 42, 71, 53, 57, 60, 69
 2579, 15, 46, 68, 48, 84, 50, 81, 62, 68
 2580, 16, 42, 67, 57, 77, 53, 70, 63, 67
 2582, 17, 66, 46, 31, 81, 61, 80, 51, 52
 2584, 15, 31, 58, 67, 87, 50, 84, 61, 63
 2585, 15, 41, 66, 54, 85, 50, 86, 63, 68
 2574, 14, 66, 49, 32, 71, 60, 59, 52, 53
 2581, 14, 47, 69, 47, 80, 52, 73, 62, 69
 2569, 14, 67, 47, 32, 77, 60, 75, 51, 52
 2576, 16, 69, 47, 31, 76, 62, 67, 51, 51
 2568, 13, 66, 46, 45, 67, 62, 56, 50, 51
 2577, 66, 29, 32, 16, 71, 30, 66, 42, 32
 2570, 17, 32, 47, 66, 89, 63, 88, 63, 61
 2571, 66, 32, 30, 16, 74, 31, 75, 43, 30
 2572, 17, 68, 48, 30, 77, 62, 72, 50, 53
 2573, 67, 31, 29, 14, 71, 32, 66, 42, 30
 2575, 16, 29, 49, 68, 84, 61, 80, 61, 62
 2593, 15, 30, 60, 71, 73, 54, 61, 64, 63
 2603, 17, 71, 50, 31, 78, 65, 72, 52, 52
 2587, 14, 42, 69, 61, 87, 54, 84, 64, 70
 2588, 17, 68, 47, 31, 78, 63, 76, 55, 53
 2589, 15, 51, 70, 50, 81, 54, 80, 65, 70
 2590, 17, 69, 48, 29, 80, 62, 72, 55, 54
 2591, 14, 48, 70, 51, 84, 52, 84, 63, 70
 2592, 15, 42, 71, 63, 78, 52, 71, 65, 70
 2586, 16, 68, 48, 31, 77, 63, 71, 53, 52
 2601, 14, 71, 48, 30, 74, 64, 65, 54, 52
 2602, 16, 69, 49, 50, 78, 62, 79, 54, 53
 2600, 17, 62, 72, 41, 83, 54, 80, 63, 72
 2599, 14, 31, 61, 69, 82, 53, 83, 65, 64
 2597, 14, 57, 69, 44, 83, 54, 84, 62, 69
 2596, 17, 72, 49, 30, 83, 62, 83, 54, 53
 2595, 17, 32, 49, 69, 85, 62, 83, 65, 64
 2598, 71, 29, 32, 17, 74, 31, 69, 44, 32
 2594, 71, 31, 32, 16, 71, 33, 70, 42, 29
 2681, 19, 34, 56, 80, 85, 73, 84, 75, 74
 2680, 16, 58, 79, 59, 86, 63, 80, 72, 82
 2679, 19, 48, 81, 65, 87, 60, 85, 75, 81
 2677, 18, 82, 58, 58, 78, 73, 72, 61, 60
 2689, 17, 80, 57, 36, 82, 74, 81, 61, 62
 2705, 17, 48, 82, 66, 85, 60, 86, 74, 83
 2700, 16, 51, 80, 71, 82, 63, 79, 75, 81
 2685, 80, 36, 35, 17, 70, 34, 65, 48, 34
 2695, 18, 33, 59, 79, 76, 72, 62, 72, 74
 2684, 18, 79, 56, 57, 76, 72, 72, 63, 62
 2683, 80, 33, 34, 18, 75, 33, 73, 50, 35
 2691, 19, 36, 67, 79, 85, 62, 85, 73, 74
 2704, 18, 34, 70, 80, 85, 62, 77, 72, 73
 2701, 18, 58, 80, 58, 81, 61, 72, 73, 81
 2693, 19, 80, 57, 36, 78, 74, 72, 61, 63
 2682, 17, 79, 56, 34, 77, 73, 72, 60, 60
 2698, 18, 82, 56, 33, 80, 73, 79, 61, 62
 2687, 17, 82, 58, 33, 72, 73, 62, 62, 61
 2714, 15, 57, 67, 42, 81, 50, 81, 63, 69
 2715, 69, 31, 29, 17, 67, 32, 62, 39, 29
 2729, 67, 30, 31, 15, 70, 32, 68, 41, 29
 2768, 17, 69, 49, 31, 79, 63, 74, 50, 51
 2739, 14, 69, 48, 32, 80, 62, 75, 52, 53
 2749, 15, 32, 59, 67, 86, 53, 83, 63, 61
 2732, 15, 69, 48, 47, 79, 60, 75, 52, 52
 2748, 13, 30, 46, 68, 76, 61, 68, 63, 60
 2747, 17, 66, 47, 30, 80, 61, 80, 53, 52
 2746, 15, 32, 58, 66, 85, 52, 85, 62, 60
 2734, 15, 66, 49, 29, 77, 61, 70, 51, 50
 2738, 15, 40, 66, 56, 79, 52, 71, 63, 68
 2741, 15, 68, 49, 46, 78, 60, 71, 51, 52
 2744, 14, 56, 69, 41, 82, 52, 81, 64, 68
 2743, 14, 48, 69, 49, 85, 51, 82, 63, 67
 2742, 14, 47, 67, 49, 77, 51, 70, 62, 69
 2740, 14, 29, 49, 66, 87, 61, 86, 62, 63
 2745, 13, 68, 50, 29, 83, 60, 79, 51, 52
 1372, 76, 31, 34, 17, 73, 32, 68, 45, 32
 1381, 15, 47, 77, 63, 78, 58, 75, 70, 77
 1374, 18, 85, 53, 34, 75, 79, 68, 57, 63
 1375, 18, 83, 52, 31, 82, 73, 84, 60, 60
 1376, 15, 80, 52, 34, 79, 72, 72, 59, 61
 1377, 16, 78, 55, 56, 75, 71, 65, 57, 59
 1371, 85, 35, 32, 15, 80, 35, 76, 46, 33
 1380, 17, 45, 80, 67, 85, 62, 85, 71, 81
 1378, 17, 78, 53, 53, 81, 70, 74, 59, 60
 1373, 15, 77, 53, 35, 78, 71, 71, 59, 58
 1388, 18, 34, 66, 77, 86, 57, 84, 71, 70
 1387, 17, 32, 56, 83, 85, 75, 88, 74, 70
 1379, 15, 68, 82, 48, 83, 62, 81, 71, 83
 1385, 16, 53, 84, 54, 75, 65, 65, 71, 87
 1384, 16, 52, 77, 53, 83, 60, 83, 68, 76
 1383, 15, 55, 76, 52, 75, 59, 67, 68, 76
 1382, 15, 47, 75, 61, 85, 58, 83, 69, 76
 1386, 15, 33, 55, 86, 85, 77, 80, 77, 68
 2765, 14, 68, 47, 29, 84, 60, 83, 53, 51
 2757, 17, 67, 48, 30, 85, 61, 81, 53, 50
 2767, 15, 46, 67, 49, 71, 52, 62, 61, 69
 2750, 15, 68, 48, 31, 81, 62, 82, 52, 53
 2751, 14, 32, 49, 66, 73, 61, 57, 62, 60
 2752, 14, 67, 46, 44, 81, 60, 83, 51, 50
 2753, 15, 43, 66, 57, 83, 52, 81, 62, 66
 2754, 15, 30, 55, 67, 79, 52, 72, 60, 60
 2755, 69, 28, 29, 14, 74, 32, 72, 43, 32
 2756, 17, 30, 55, 66, 83, 51, 79, 60, 63
 2758, 13, 30, 49, 69, 74, 63, 67, 60, 63
 2759, 14, 47, 67, 49, 82, 53, 79, 62, 68
 2760, 14, 39, 69, 60, 81, 52, 78, 61, 68
 2762, 15, 29, 60, 69, 80, 52, 71, 61, 63
 2763, 16, 66, 46, 43, 82, 61, 82, 50, 50
 2764, 14, 40, 69, 58, 82, 50, 81, 61, 68
 2766, 16, 67, 46, 30, 76, 61, 72, 50, 51
 2761, 13, 59, 69, 39, 81, 53, 76, 62, 68
 2775, 16, 58, 69, 42, 84, 52, 84, 64, 71
 2786, 16, 68, 51, 46, 80, 63, 78, 53, 52
 2785, 17, 30, 48, 70, 75, 64, 61, 66, 64
 2784, 16, 68, 51, 30, 83, 63, 78, 51, 52
 2783, 14, 57, 71, 43, 79, 54, 71, 64, 70
 2782, 16, 48, 71, 49, 85, 54, 81, 63, 71
 2781, 14, 31, 48, 70, 85, 66, 84, 63, 63
 2772, 16, 47, 69, 48, 84, 54, 82, 64, 70
 2780, 13, 33, 49, 70, 84, 65, 83, 65, 64
 2779, 15, 43, 71, 59, 78, 53, 72, 65, 70
 2769, 70, 33, 32, 14, 66, 32, 54, 44, 29
 2774, 68, 30, 31, 14, 72, 32, 69, 43, 32
 2776, 17, 71, 50, 33, 82, 63, 79, 55, 55
 2777, 17, 69, 51, 30, 71, 64, 59, 52, 54
 2778, 14, 68, 48, 31, 81, 66, 77, 52, 52
 2771, 16, 70, 48, 30, 83, 63, 79, 55, 52
 2770, 17, 47, 68, 50, 77, 54, 69, 63, 71
 2773, 17, 41, 71, 57, 83, 55, 80, 64, 72
 2787, 15, 49, 69, 49, 84, 53, 83, 60, 67
 2796, 16, 66, 47, 31, 78, 61, 67, 51, 53
 2803, 15, 68, 47, 29, 81, 64, 76, 50, 53
 2802, 16, 30, 57, 68, 79, 53, 74, 62, 60
 2801, 66, 32, 29, 15, 68, 30, 63, 41, 31
 2800, 14, 47, 66, 48, 81, 53, 76, 63, 67
 2799, 14, 32, 61, 69, 75, 52, 63, 63, 61
 2798, 15, 30, 49, 68, 87, 61, 86, 61, 60
 2804, 14, 69, 46, 31, 71, 62, 61, 51, 51
 2788, 15, 40, 67, 54, 85, 50, 82, 61, 69
 2795, 14, 54, 66, 41, 74, 50, 62, 62, 68
 2794, 16, 67, 49, 32, 78, 61, 73, 53, 51
 2793, 15, 31, 48, 69, 87, 62, 86, 61, 60
 2792, 67, 30, 32, 13, 75, 31, 75, 39, 32
 2791, 16, 69, 49, 32, 80, 63, 81, 53, 51
 2790, 16, 67, 49, 31, 83, 60, 83, 53, 50
 2789, 15, 46, 66, 49, 77, 51, 70, 61, 66
 2797, 15, 57, 68, 42, 73, 50, 65, 61, 67
 2915, 18, 75, 54, 54, 77, 68, 68, 57, 57
 2928, 75, 34, 32, 14, 72, 34, 67, 45, 34
 2916, 16, 44, 76, 63, 73, 58, 60, 67, 76
 2923, 16, 73, 54, 52, 72, 69, 65, 56, 58
 2932, 16, 73, 54, 33, 76, 69, 68, 56, 55
 2931, 15, 31, 62, 74, 77, 55, 65, 68, 69
 2929, 15, 32, 52, 74, 74, 68, 63, 68, 68
 2927, 17, 75, 54, 50, 72, 69, 62, 55, 55
 2926, 18, 73, 50, 34, 82, 68, 81, 55, 57
 2925, 17, 51, 74, 50, 82, 57, 80, 67, 75
 2924, 16, 46, 75, 62, 83, 56, 82, 67, 75
 2922, 18, 74, 53, 33, 78, 68, 74, 56, 55
 2921, 17, 45, 75, 67, 85, 58, 81, 68, 75
 2920, 76, 34, 33, 15, 72, 31, 67, 44, 32
 2919, 16, 63, 76, 45, 81, 56, 77, 69, 76
 2930, 14, 34, 53, 73, 80, 67, 75, 67, 69
 2918, 15, 63, 75, 46, 83, 58, 81, 69, 72
 2917, 15, 52, 73, 53, 71, 56, 59, 66, 75
 1315, 14, 31, 67, 81, 83, 61, 77, 70, 68
 1309, 15, 51, 73, 53, 73, 57, 61, 66, 76
 1306, 17, 84, 51, 57, 78, 74, 72, 57, 63
 1303, 18, 76, 53, 34, 72, 69, 59, 55, 55
 1302, 18, 80, 54, 31, 80, 71, 72, 57, 60
 1301, 17, 80, 51, 33, 78, 73, 73, 58, 61
 1300, 74, 34, 34, 18, 70, 34, 67, 43, 33
 1299, 73, 31, 31, 14, 70, 32, 63, 45, 31
 1311, 16, 47, 82, 70, 80, 64, 77, 66, 84
 1305, 14, 76, 51, 56, 79, 67, 71, 55, 58
 1314, 18, 33, 53, 74, 88, 69, 86, 69, 68
 1307, 83, 31, 32, 18, 82, 31, 85, 46, 34
 1308, 16, 74, 52, 31, 79, 69, 73, 58, 55
 1316, 16, 31, 75, 84, 77, 64, 65, 75, 67
 1310, 16, 51, 73, 51, 76, 55, 64, 67, 76
 1312, 16, 46, 77, 65, 84, 59, 81, 69, 78
 1313, 14, 52, 77, 53, 79, 61, 73, 68, 79
 1304, 15, 75, 54, 33, 83, 69, 81, 55, 56
 1331, 16, 31, 53, 70, 85, 67, 79, 66, 64
 1320, 18, 78, 50, 31, 82, 68, 79, 53, 60
 1317, 82, 33, 30, 16, 80, 32, 76, 44, 33
 1319, 16, 82, 52, 30, 73, 73, 66, 53, 61
 1318, 14, 73, 51, 31, 70, 64, 62, 55, 53
 1333, 15, 34, 57, 70, 81, 56, 73, 64, 67
 1326, 17, 45, 73, 65, 87, 56, 84, 64, 71
 1321, 15, 71, 50, 30, 81, 66, 73, 55, 56
 1330, 16, 31, 61, 76, 79, 60, 71, 71, 65
 1323, 16, 76, 50, 51, 77, 68, 71, 55, 58
 1327, 17, 43, 71, 59, 81, 54, 78, 68, 72
 2406, 17, 30, 61, 70, 87, 54, 87, 65, 66
 1332, 17, 31, 70, 82, 83, 62, 77, 73, 66
 1325, 17, 52, 82, 53, 82, 62, 80, 67, 79
 1324, 15, 58, 72, 46, 84, 57, 85, 65, 74
 1329, 14, 51, 76, 52, 79, 59, 74, 67, 75
 1322, 16, 73, 50, 50, 68, 67, 57, 55, 54
 1334, 14, 30, 63, 75, 82, 54, 77, 65, 65
 2966, 14, 32, 61, 71, 86, 52, 85, 64, 63
 2954, 14, 60, 68, 44, 85, 54, 84, 66, 68
 2953, 17, 51, 68, 49, 80, 53, 77, 66, 69
 2952, 14, 32, 48, 71, 73, 62, 62, 63, 62
 2951, 15, 50, 70, 48, 86, 53, 84, 65, 70
 2967, 15, 71, 48, 50, 82, 64, 76, 54, 54
 2965, 15, 63, 71, 42, 82, 52, 81, 62, 72
 2955, 17, 32, 63, 70, 83, 55, 80, 63, 65
 2958, 14, 71, 49, 32, 78, 65, 69, 54, 54
 2968, 71, 31, 31, 16, 59, 32, 49, 42, 30
 2963, 17, 70, 51, 47, 76, 66, 68, 52, 54
 2964, 15, 57, 70, 41, 82, 55, 82, 64, 71
 2956, 15, 69, 49, 31, 82, 63, 83, 54, 51
 2959, 16, 42, 69, 60, 80, 53, 80, 64, 69
 2960, 14, 31, 59, 72, 88, 52, 85, 65, 63
 2961, 70, 30, 33, 15, 64, 32, 50, 44, 30
 2962, 14, 51, 69, 49, 87, 54, 85, 63, 68
 2957, 15, 70, 47, 33, 78, 63, 72, 52, 52
 2940, 14, 41, 69, 60, 79, 52, 76, 63, 66
 2941, 15, 68, 47, 46, 81, 61, 82, 50, 52
 2942, 67, 29, 30, 14, 71, 30, 63, 39, 31
 2939, 14, 66, 47, 30, 84, 61, 79, 52, 53
 2944, 15, 31, 46, 66, 84, 62, 81, 61, 62
 2935, 15, 69, 46, 29, 80, 62, 77, 51, 51
 2945, 15, 60, 69, 39, 80, 52, 74, 63, 66
 2946, 14, 66, 47, 32, 79, 62, 76, 53, 51
 2943, 66, 30, 31, 14, 75, 30, 71, 43, 31
 2938, 15, 46, 67, 46, 74, 53, 61, 61, 67
 2937, 14, 66, 49, 29, 77, 61, 73, 53, 52
 2934, 15, 29, 58, 66, 76, 50, 63, 62, 61
 2948, 14, 31, 47, 67, 84, 62, 84, 62, 62
 2949, 16, 48, 68, 48, 81, 53, 75, 63, 68
 2936, 13, 30, 48, 66, 82, 61, 75, 63, 64
 2950, 15, 67, 49, 31, 79, 63, 79, 52, 52
 2947, 13, 49, 66, 49, 77, 53, 69, 63, 66
 2933, 16, 48, 68, 47, 81, 53, 78, 60, 66
 2154, 71, 32, 31, 15, 73, 31, 70, 41, 33
 2155, 15, 68, 49, 31, 81, 65, 78, 54, 55
 2156, 16, 78, 48, 30, 70, 70, 56, 54, 61
 2157, 17, 74, 49, 33, 78, 69, 71, 52, 55
 2169, 14, 30, 48, 76, 84, 68, 79, 67, 62
 2159, 15, 75, 49, 55, 83, 69, 78, 54, 57
 2164, 16, 48, 78, 48, 83, 58, 84, 63, 79
 2158, 17, 70, 51, 30, 68, 64, 57, 53, 54
 2167, 14, 42, 69, 58, 86, 53, 83, 64, 70
 2160, 17, 70, 48, 48, 74, 66, 65, 53, 52
 2161, 15, 49, 70, 48, 77, 54, 67, 64, 70
 2162, 15, 50, 68, 49, 72, 52, 55, 65, 71
 2170, 15, 33, 58, 69, 85, 53, 82, 63, 65
 2168, 15, 31, 48, 79, 83, 73, 80, 72, 65
 2165, 15, 49, 73, 48, 72, 57, 60, 63, 76
 2153, 80, 32, 32, 15, 76, 31, 67, 43, 33
 2171, 15, 31, 58, 71, 87, 54, 86, 64, 64
 2166, 16, 42, 74, 64, 84, 58, 79, 62, 75
  822, 17, 43, 73, 62, 86, 56, 84, 67, 74
  812, 72, 32, 31, 17, 73, 31, 68, 44, 30
  829, 15, 33, 58, 71, 81, 57, 79, 67, 65
  828, 15, 33, 67, 83, 78, 60, 67, 75, 65
  827, 15, 30, 50, 71, 78, 64, 65, 67, 65
  826, 18, 30, 49, 72, 85, 67, 87, 64, 64
  825, 14, 34, 65, 75, 81, 60, 74, 68, 64
  814, 17, 77, 51, 30, 75, 68, 70, 56, 59
  823, 16, 45, 77, 66, 79, 60, 74, 66, 75
  816, 16, 70, 51, 30, 78, 64, 70, 54, 56
  821, 14, 57, 71, 43, 72, 53, 60, 65, 73
  820, 14, 50, 77, 52, 78, 60, 72, 65, 78
  819, 14, 51, 82, 51, 84, 63, 79, 68, 80
  818, 15, 73, 51, 49, 77, 67, 72, 57, 54
  817, 17, 77, 51, 52, 78, 68, 73, 53, 59
  813, 81, 32, 33, 18, 81, 34, 81, 42, 32
  824, 16, 42, 72, 59, 76, 56, 70, 65, 73
  815, 15, 82, 53, 31, 81, 72, 79, 55, 60
 2087, 15, 47, 75, 66, 80, 56, 73, 66, 76
 2089, 15, 67, 75, 45, 78, 55, 72, 68, 76
 2090, 15, 43, 75, 66, 71, 58, 58, 68, 75
 2091, 16, 31, 54, 82, 81, 76, 75, 74, 68
 2092, 17, 34, 51, 78, 87, 70, 84, 71, 69
 2094, 16, 33, 66, 76, 82, 56, 79, 66, 67
 2088, 18, 45, 79, 64, 83, 61, 82, 66, 81
 2086, 15, 52, 78, 53, 78, 60, 73, 66, 78
 2079, 15, 73, 53, 34, 78, 67, 75, 56, 57
 2093, 15, 32, 63, 75, 86, 56, 83, 69, 69
 2078, 73, 33, 32, 17, 72, 33, 70, 45, 32
 2085, 15, 51, 83, 54, 83, 65, 78, 66, 85
 2080, 17, 79, 51, 34, 80, 70, 77, 57, 60
 2081, 15, 73, 54, 33, 84, 69, 80, 57, 55
 2082, 15, 82, 52, 32, 71, 75, 63, 56, 65
 2083, 15, 77, 51, 53, 79, 73, 73, 58, 61
 2084, 17, 74, 54, 50, 81, 68, 81, 58, 55
 2077, 83, 32, 32, 15, 82, 33, 80, 47, 33
  392, 15, 54, 79, 54, 79, 60, 71, 67, 77
  397, 17, 32, 52, 75, 78, 67, 71, 68, 68
  396, 16, 32, 52, 74, 86, 67, 81, 70, 68
  395, 15, 34, 54, 74, 83, 68, 75, 68, 69
  394, 17, 32, 67, 80, 84, 59, 83, 72, 68
  393, 16, 34, 72, 83, 86, 63, 86, 75, 69
  383, 18, 73, 53, 31, 82, 69, 81, 57, 57
  379, 85, 34, 32, 16, 76, 33, 71, 47, 31
  380, 73, 31, 31, 16, 70, 34, 64, 45, 33
  389, 16, 52, 73, 53, 80, 58, 73, 66, 74
  382, 15, 79, 53, 32, 82, 70, 79, 57, 60
  391, 17, 44, 80, 67, 77, 62, 69, 67, 80
  384, 15, 83, 54, 32, 82, 76, 78, 55, 65
  385, 17, 79, 53, 54, 78, 73, 76, 55, 60
  386, 15, 53, 84, 52, 80, 63, 74, 69, 84
  388, 15, 47, 75, 65, 83, 58, 83, 66, 75
  390, 15, 45, 75, 65, 74, 55, 64, 66, 74
  381, 14, 73, 53, 53, 82, 68, 83, 58, 57
 2973, 16, 73, 52, 33, 76, 66, 70, 58, 55
 2978, 18, 72, 54, 33, 83, 66, 81, 56, 56
 2986, 16, 63, 73, 46, 84, 55, 84, 70, 75
 2985, 15, 31, 66, 76, 85, 56, 85, 68, 69
 2984, 76, 32, 33, 15, 71, 33, 64, 43, 32
 2983, 17, 53, 75, 51, 81, 55, 78, 68, 74
 2982, 16, 76, 54, 34, 81, 66, 81, 56, 58
 2981, 15, 75, 53, 33, 76, 69, 70, 58, 55
 2971, 74, 34, 33, 16, 73, 32, 75, 44, 33
 2979, 17, 73, 54, 34, 80, 66, 78, 55, 57
 2969, 15, 31, 52, 76, 89, 66, 88, 67, 68
 2977, 15, 53, 75, 51, 85, 58, 85, 67, 76
 2976, 15, 76, 51, 31, 75, 68, 64, 55, 58
 2975, 15, 63, 73, 44, 83, 58, 85, 67, 74
 2974, 15, 31, 51, 75, 79, 68, 74, 67, 66
 2972, 16, 75, 52, 31, 81, 69, 79, 56, 58
 2970, 16, 65, 74, 47, 82, 56, 78, 67, 76
 2980, 18, 76, 52, 53, 80, 67, 78, 58, 59
   23, 16, 71, 52, 49, 84, 64, 81, 56, 55
   25, 16, 78, 52, 33, 70, 68, 57, 54, 60
   19, 81, 34, 31, 16, 76, 33, 69, 44, 33
   20, 72, 31, 31, 16, 72, 32, 70, 44, 32
   22, 17, 73, 52, 51, 76, 67, 73, 54, 55
   24, 14, 78, 51, 31, 77, 69, 69, 56, 57
   32, 15, 32, 51, 71, 83, 64, 74, 66, 65
   29, 17, 45, 75, 67, 82, 59, 78, 67, 75
   21, 16, 72, 51, 30, 82, 67, 80, 55, 54
   30, 16, 52, 80, 52, 82, 60, 78, 66, 79
   26, 17, 83, 51, 33, 84, 73, 83, 54, 62
   31, 14, 50, 77, 52, 71, 60, 58, 66, 77
   33, 14, 30, 60, 73, 84, 54, 79, 67, 67
   34, 15, 33, 52, 72, 87, 68, 84, 65, 67
   35, 15, 33, 49, 75, 80, 68, 74, 69, 64
   36, 18, 33, 68, 83, 86, 62, 85, 74, 66
   27, 15, 52, 71, 52, 85, 56, 85, 65, 74
   28, 15, 46, 70, 57, 79, 56, 76, 65, 70
  202, 15, 73, 48, 31, 80, 66, 79, 52, 57
  216, 16, 30, 48, 71, 88, 65, 85, 65, 61
  207, 17, 46, 73, 47, 83, 56, 84, 61, 72
  206, 14, 48, 71, 48, 87, 54, 84, 63, 71
  205, 13, 67, 76, 42, 80, 58, 74, 62, 77
  199, 75, 29, 32, 14, 78, 31, 72, 39, 31
  215, 16, 30, 48, 66, 74, 63, 60, 63, 62
  214, 16, 31, 47, 67, 83, 64, 76, 60, 60
  203, 16, 70, 46, 46, 78, 64, 71, 51, 56
  208, 14, 29, 64, 75, 82, 58, 77, 71, 64
  201, 16, 78, 46, 31, 80, 70, 75, 53, 58
  200, 15, 69, 47, 30, 77, 61, 72, 51, 50
  210, 16, 42, 66, 56, 77, 50, 67, 61, 66
  209, 16, 48, 69, 46, 83, 50, 83, 63, 68
  211, 16, 43, 66, 56, 79, 53, 73, 62, 68
  212, 15, 47, 69, 49, 85, 50, 83, 61, 68
  213, 16, 49, 66, 47, 80, 52, 76, 62, 68
  204, 16, 69, 49, 48, 78, 60, 69, 50, 53
  254, 72, 30, 32, 15, 67, 32, 62, 42, 30
  265, 14, 45, 73, 61, 81, 56, 78, 66, 74
  253, 82, 32, 31, 17, 79, 30, 76, 44, 30
  262, 16, 51, 73, 51, 76, 56, 65, 64, 73
  270, 16, 30, 60, 71, 75, 53, 64, 65, 64
  269, 14, 31, 50, 75, 84, 70, 80, 71, 65
  268, 16, 31, 67, 81, 84, 62, 81, 74, 67
  267, 16, 50, 75, 50, 84, 58, 82, 65, 76
  263, 15, 51, 73, 53, 82, 56, 74, 67, 72
  264, 16, 46, 74, 61, 83, 56, 78, 64, 74
  255, 16, 74, 51, 34, 80, 65, 79, 56, 54
  261, 16, 64, 73, 43, 80, 55, 73, 67, 73
  260, 15, 32, 53, 71, 76, 68, 68, 62, 69
  259, 16, 82, 50, 54, 79, 73, 77, 55, 63
  258, 17, 73, 50, 54, 83, 64, 82, 53, 55
  257, 16, 77, 51, 30, 83, 70, 81, 56, 58
  256, 15, 76, 49, 33, 68, 69, 54, 56, 57
  266, 17, 44, 77, 64, 80, 59, 72, 64, 75
  312, 14, 77, 47, 30, 80, 71, 76, 53, 57
  316, 14, 49, 76, 49, 84, 59, 84, 60, 75
  309, 15, 68, 49, 50, 76, 62, 68, 50, 53
  311, 15, 73, 49, 30, 74, 65, 69, 52, 57
  324, 15, 30, 47, 68, 77, 61, 68, 61, 61
  308, 68, 29, 32, 15, 62, 31, 48, 42, 32
  307, 77, 32, 31, 16, 76, 29, 68, 43, 30
  313, 17, 72, 46, 29, 82, 67, 79, 53, 57
  323, 16, 30, 63, 72, 73, 57, 59, 66, 61
  315, 17, 56, 67, 43, 77, 50, 72, 63, 66
  317, 16, 47, 67, 46, 82, 53, 75, 61, 69
  318, 13, 40, 67, 59, 85, 50, 82, 63, 69
  319, 17, 40, 68, 55, 83, 52, 83, 64, 68
  320, 17, 46, 66, 48, 79, 50, 73, 64, 68
  321, 16, 40, 73, 61, 83, 53, 82, 61, 71
  322, 17, 29, 46, 76, 83, 70, 83, 69, 62
  310, 15, 66, 47, 31, 82, 63, 82, 52, 51
  314, 15, 67, 46, 48, 75, 62, 66, 52, 51
  403, 17, 71, 47, 47, 78, 64, 77, 55, 53
  398, 70, 33, 33, 15, 69, 33, 65, 43, 32
  401, 15, 76, 49, 31, 81, 66, 80, 53, 56
  400, 16, 68, 50, 33, 78, 62, 71, 55, 55
  404, 17, 77, 48, 53, 79, 71, 77, 53, 58
  405, 16, 51, 70, 49, 77, 54, 68, 65, 70
  406, 17, 50, 69, 51, 84, 55, 78, 63, 71
  407, 15, 62, 70, 44, 86, 52, 84, 62, 71
  408, 14, 41, 79, 64, 80, 59, 73, 63, 80
  409, 15, 51, 73, 47, 78, 58, 69, 63, 74
  410, 17, 48, 74, 50, 79, 56, 71, 62, 75
  411, 15, 32, 60, 70, 77, 55, 65, 63, 64
  412, 14, 31, 60, 72, 84, 58, 87, 68, 63
  413, 16, 32, 49, 71, 78, 62, 71, 62, 62
  414, 14, 31, 59, 71, 88, 52, 84, 62, 64
  415, 14, 31, 48, 74, 85, 71, 82, 70, 63
  399, 77, 32, 33, 17, 75, 30, 68, 42, 32
  402, 17, 75, 49, 33, 71, 66, 59, 54, 58
  917, 14, 31, 48, 71, 88, 67, 88, 68, 60
  916, 15, 31, 49, 76, 84, 69, 79, 71, 63
  911, 14, 47, 78, 49, 83, 57, 82, 60, 77
  912, 17, 46, 71, 46, 85, 56, 83, 60, 74
  913, 15, 39, 72, 63, 71, 54, 57, 63, 71
  915, 14, 30, 54, 66, 85, 50, 81, 63, 63
  918, 13, 30, 59, 67, 80, 52, 72, 62, 60
  903, 77, 29, 30, 13, 80, 32, 80, 41, 30
  902, 66, 31, 29, 15, 76, 29, 71, 42, 31
  904, 14, 73, 46, 31, 77, 65, 75, 51, 55
  905, 16, 73, 47, 31, 83, 64, 80, 50, 53
  906, 15, 67, 46, 30, 75, 62, 71, 52, 50
  907, 14, 66, 48, 30, 79, 62, 71, 53, 50
  908, 13, 68, 46, 29, 79, 64, 74, 53, 51
  909, 14, 77, 49, 53, 77, 69, 67, 53, 59
  910, 15, 47, 66, 48, 79, 54, 73, 62, 69
  914, 17, 31, 47, 67, 83, 64, 83, 60, 63
  919, 16, 32, 55, 68, 85, 50, 86, 63, 60
  925, 15, 67, 44, 47, 78, 61, 68, 45, 50
  924, 13, 59, 42, 27, 75, 56, 68, 46, 46
  922, 14, 59, 43, 28, 76, 58, 67, 47, 47
  926, 14, 65, 41, 30, 75, 58, 67, 47, 50
  934, 13, 30, 41, 62, 80, 57, 76, 54, 54
  933, 15, 37, 69, 60, 77, 53, 66, 54, 69
  932, 16, 36, 66, 57, 76, 52, 70, 55, 63
  931, 14, 38, 66, 55, 81, 49, 79, 58, 66
  930, 14, 41, 61, 44, 77, 45, 70, 54, 61
  929, 14, 45, 62, 44, 77, 45, 72, 55, 62
  921, 12, 60, 45, 29, 80, 57, 83, 46, 48
  927, 13, 54, 62, 36, 78, 45, 70, 57, 61
  923, 13, 68, 44, 30, 68, 63, 56, 46, 55
  936, 14, 28, 43, 68, 87, 63, 85, 64, 56
  937, 15, 29, 51, 63, 81, 52, 77, 60, 58
  928, 15, 43, 60, 44, 72, 46, 60, 55, 62
  935, 13, 29, 55, 62, 82, 45, 76, 58, 55
  920, 69, 29, 30, 14, 72, 30, 59, 35, 30
  950, 15, 48, 67, 47, 77, 50, 71, 62, 69
  944, 17, 71, 47, 53, 76, 67, 69, 52, 56
  945, 17, 66, 48, 46, 81, 63, 82, 53, 50
  946, 14, 40, 78, 67, 79, 59, 75, 60, 77
  954, 15, 29, 47, 77, 83, 69, 78, 71, 62
  953, 15, 32, 56, 68, 81, 52, 73, 60, 61
  951, 15, 48, 74, 49, 85, 56, 83, 61, 72
  947, 15, 46, 66, 47, 72, 50, 56, 60, 66
  949, 13, 43, 68, 56, 79, 54, 74, 60, 67
  943, 14, 74, 46, 32, 82, 66, 81, 51, 57
  948, 15, 49, 73, 49, 81, 56, 77, 63, 71
  952, 16, 32, 48, 68, 83, 61, 77, 61, 61
  941, 13, 67, 49, 32, 68, 60, 56, 50, 51
  939, 75, 32, 32, 16, 84, 30, 81, 41, 31
  938, 68, 32, 30, 13, 73, 29, 70, 41, 30
  955, 15, 29, 58, 72, 85, 54, 81, 67, 61
  942, 13, 78, 48, 31, 80, 70, 79, 50, 59
  940, 16, 67, 49, 29, 81, 64, 83, 53, 53
  978, 18, 76, 50, 31, 77, 71, 73, 56, 58
  989, 15, 33, 58, 72, 86, 56, 86, 66, 66
  975, 80, 33, 32, 17, 84, 34, 83, 45, 34
  987, 16, 32, 51, 81, 75, 73, 63, 74, 67
  986, 14, 62, 72, 43, 79, 56, 73, 67, 73
  985, 15, 43, 75, 65, 74, 59, 62, 65, 78
  984, 17, 46, 81, 71, 75, 61, 65, 64, 81
  983, 15, 52, 70, 50, 74, 54, 63, 68, 73
  982, 14, 44, 72, 64, 74, 54, 64, 67, 70
  977, 14, 81, 50, 34, 80, 75, 79, 55, 63
  979, 16, 73, 50, 53, 75, 64, 70, 54, 53
  980, 18, 77, 51, 57, 81, 68, 76, 56, 57
  991, 17, 30, 59, 73, 81, 56, 73, 66, 66
  990, 16, 33, 64, 73, 87, 55, 87, 65, 67
  976, 17, 74, 50, 32, 80, 66, 78, 54, 56
  988, 18, 32, 51, 76, 82, 69, 76, 71, 68
  992, 16, 71, 51, 32, 78, 66, 69, 56, 55
  981, 15, 52, 76, 53, 83, 60, 82, 64, 75
 1000, 13, 45, 64, 44, 83, 50, 79, 57, 66
 1003, 12, 37, 67, 55, 78, 51, 72, 57, 65
 1002, 16, 43, 72, 42, 84, 53, 82, 54, 71
 1001, 12, 63, 45, 44, 81, 56, 77, 47, 48
  993, 70, 29, 28, 12, 77, 28, 71, 37, 29
 1005, 14, 62, 43, 29, 82, 57, 84, 45, 46
  995, 15, 68, 42, 29, 74, 62, 60, 46, 52
 1006, 15, 29, 43, 67, 85, 61, 87, 61, 56
  998, 14, 60, 41, 42, 77, 55, 74, 45, 46
  997, 13, 62, 43, 27, 75, 54, 64, 46, 47
  996, 13, 64, 44, 28, 76, 61, 72, 46, 48
 1008, 14, 29, 54, 62, 83, 48, 83, 55, 56
  994, 14, 64, 42, 30, 83, 58, 82, 46, 51
 1009, 15, 30, 56, 69, 84, 55, 81, 63, 56
 1010, 13, 30, 54, 62, 78, 46, 71, 54, 54
 1007, 16, 29, 45, 61, 83, 55, 83, 56, 54
 1004, 14, 59, 45, 43, 73, 55, 68, 45, 46
 1017, 14, 59, 39, 43, 77, 57, 74, 45, 47
 1028, 13, 28, 53, 60, 84, 48, 84, 57, 52
 1011, 58, 27, 26, 12, 66, 26, 59, 34, 28
 1012, 67, 29, 26, 15, 78, 27, 78, 36, 28
 1013, 14, 56, 39, 28, 71, 54, 61, 44, 43
 1014, 15, 57, 40, 27, 76, 50, 72, 44, 43
 1016, 12, 59, 40, 28, 80, 56, 79, 43, 48
 1023, 12, 39, 64, 38, 77, 49, 71, 53, 67
 1018, 15, 66, 41, 47, 77, 61, 70, 43, 51
 1019, 14, 41, 55, 41, 75, 42, 68, 53, 55
 1020, 14, 39, 55, 38, 80, 44, 75, 50, 58
 1021, 13, 36, 60, 54, 78, 48, 73, 51, 59
 1026, 12, 26, 39, 63, 78, 59, 67, 59, 53
 1022, 15, 40, 60, 40, 72, 48, 59, 52, 61
 1025, 11, 41, 56, 39, 84, 44, 83, 51, 57
 1015, 12, 57, 39, 25, 73, 54, 60, 42, 43
 1024, 14, 33, 55, 47, 80, 42, 77, 53, 56
 1027, 15, 26, 41, 58, 85, 52, 84, 52, 54
 1045, 17, 32, 67, 81, 81, 62, 75, 72, 67
 1029, 71, 33, 30, 14, 72, 32, 68, 44, 32
 1030, 80, 31, 30, 17, 79, 34, 75, 46, 31
 1038, 14, 45, 70, 58, 79, 55, 72, 67, 72
 1031, 16, 75, 50, 31, 73, 68, 62, 55, 58
 1032, 14, 83, 52, 31, 80, 72, 81, 55, 60
 1033, 16, 71, 49, 31, 84, 67, 80, 54, 56
 1034, 16, 77, 51, 31, 83, 68, 79, 54, 56
 1035, 14, 71, 49, 53, 83, 64, 79, 54, 56
 1046, 16, 33, 62, 76, 83, 60, 79, 71, 64
 1037, 16, 52, 71, 52, 84, 55, 82, 66, 72
 1039, 17, 46, 78, 68, 80, 57, 75, 65, 77
 1040, 15, 49, 81, 50, 86, 60, 85, 67, 81
 1041, 15, 46, 76, 65, 80, 58, 70, 65, 78
 1042, 14, 32, 49, 71, 76, 64, 67, 66, 64
 1043, 15, 30, 52, 72, 87, 66, 82, 66, 64
 1044, 14, 32, 52, 74, 85, 65, 83, 65, 65
 1036, 17, 73, 52, 48, 80, 65, 78, 56, 57
 2302, 18, 79, 54, 32, 82, 73, 83, 57, 62
 2310, 16, 45, 84, 73, 79, 64, 75, 69, 86
 2311, 17, 45, 77, 64, 84, 56, 81, 68, 76
 2301, 15, 75, 54, 33, 83, 69, 81, 58, 60
 2312, 16, 33, 53, 76, 84, 71, 77, 68, 70
 2300, 17, 75, 53, 34, 83, 68, 81, 60, 58
 2313, 18, 35, 55, 80, 87, 73, 87, 73, 68
 2299, 75, 34, 35, 16, 69, 33, 63, 45, 33
 2298, 86, 33, 32, 15, 80, 33, 81, 45, 32
 2314, 17, 33, 73, 86, 83, 64, 76, 78, 71
 2315, 16, 33, 63, 77, 84, 57, 83, 71, 70
 2306, 15, 55, 76, 52, 84, 58, 78, 68, 78
 2308, 16, 55, 79, 54, 80, 63, 74, 69, 80
 2307, 18, 53, 82, 56, 83, 60, 76, 71, 83
 2309, 17, 52, 76, 55, 80, 58, 77, 69, 76
 2303, 18, 83, 56, 33, 79, 72, 74, 58, 63
 2304, 18, 84, 54, 34, 84, 77, 84, 58, 63
 2305, 16, 63, 75, 48, 79, 59, 72, 70, 75
  458, 13, 66, 45, 32, 70, 60, 55, 48, 49
  466, 16, 40, 71, 58, 77, 53, 67, 59, 71
  455, 15, 68, 46, 28, 79, 63, 76, 48, 53
  464, 15, 41, 74, 63, 79, 56, 75, 59, 74
  463, 15, 45, 63, 45, 73, 48, 66, 58, 65
  462, 14, 46, 66, 44, 82, 50, 83, 58, 63
  461, 16, 40, 68, 56, 73, 52, 58, 61, 69
  468, 15, 29, 46, 69, 82, 63, 76, 62, 61
  459, 13, 66, 45, 44, 83, 59, 82, 48, 49
  467, 16, 32, 55, 66, 75, 51, 64, 59, 60
  457, 14, 65, 46, 30, 80, 62, 75, 48, 50
  456, 14, 73, 47, 54, 81, 69, 81, 51, 56
  460, 16, 65, 44, 28, 80, 60, 74, 49, 50
  454, 14, 68, 45, 31, 70, 65, 54, 50, 53
  453, 66, 31, 28, 13, 76, 30, 74, 42, 30
  452, 74, 29, 31, 15, 80, 29, 79, 40, 30
  469, 13, 29, 46, 73, 85, 68, 80, 68, 59
  465, 14, 48, 67, 45, 84, 50, 84, 60, 64
  481, 13, 43, 59, 45, 82, 47, 77, 54, 63
  477, 12, 60, 44, 28, 76, 54, 72, 46, 48
  476, 15, 69, 41, 27, 75, 62, 69, 46, 51
  475, 12, 61, 41, 28, 80, 55, 79, 45, 46
  474, 14, 61, 44, 30, 81, 55, 79, 47, 48
  473, 16, 61, 44, 41, 71, 57, 58, 47, 47
  472, 14, 66, 42, 44, 77, 60, 71, 45, 48
  471, 60, 29, 30, 15, 71, 27, 73, 39, 29
  478, 15, 50, 59, 39, 80, 48, 78, 54, 60
  480, 13, 43, 71, 41, 81, 54, 81, 56, 70
  482, 15, 35, 63, 55, 83, 45, 78, 54, 61
  483, 15, 29, 51, 61, 81, 46, 82, 56, 55
  484, 16, 30, 44, 63, 74, 55, 58, 55, 55
  485, 13, 27, 42, 62, 84, 56, 79, 54, 57
  486, 15, 29, 53, 65, 85, 48, 82, 60, 57
  487, 13, 28, 63, 71, 78, 52, 71, 64, 56
  470, 71, 30, 29, 13, 76, 27, 69, 39, 28
  479, 12, 42, 66, 44, 78, 49, 73, 58, 67
  510, 15, 64, 45, 30, 70, 58, 60, 49, 51
  513, 16, 73, 47, 27, 77, 67, 75, 49, 54
  506, 74, 29, 30, 13, 78, 31, 76, 40, 29
  507, 67, 31, 32, 16, 61, 30, 49, 38, 31
  508, 16, 69, 47, 29, 84, 62, 82, 52, 53
  512, 16, 67, 46, 44, 80, 59, 82, 49, 52
  511, 13, 66, 46, 48, 82, 59, 81, 49, 51
  514, 14, 62, 75, 38, 84, 57, 79, 60, 75
  515, 15, 46, 71, 47, 75, 53, 64, 60, 71
  516, 16, 38, 65, 58, 81, 51, 73, 60, 65
  517, 16, 41, 68, 57, 85, 54, 81, 58, 68
  518, 15, 40, 65, 56, 75, 52, 68, 60, 66
  519, 14, 44, 66, 45, 75, 50, 64, 61, 67
  520, 14, 30, 58, 67, 85, 49, 81, 58, 58
  521, 13, 30, 46, 66, 84, 60, 77, 58, 58
  522, 15, 29, 45, 68, 87, 64, 86, 62, 60
  523, 17, 31, 61, 76, 81, 55, 73, 66, 58
  509, 16, 68, 45, 30, 75, 63, 69, 50, 55
 1395, 14, 75, 49, 54, 71, 66, 57, 53, 55
 1406, 15, 30, 48, 68, 88, 64, 83, 65, 66
 1405, 17, 31, 51, 69, 84, 64, 82, 65, 63
 1404, 16, 29, 65, 80, 79, 59, 72, 71, 62
 1403, 16, 32, 64, 73, 79, 56, 73, 68, 64
 1402, 14, 50, 68, 47, 76, 52, 71, 63, 71
 1401, 15, 43, 69, 61, 80, 55, 73, 64, 70
 1400, 17, 42, 70, 58, 85, 52, 87, 62, 69
 1399, 16, 44, 73, 62, 76, 56, 65, 64, 73
 1398, 17, 49, 73, 48, 83, 58, 82, 62, 75
 1396, 14, 81, 49, 56, 76, 73, 70, 55, 61
 1389, 80, 32, 33, 16, 80, 31, 78, 42, 29
 1392, 16, 70, 48, 31, 79, 63, 74, 54, 52
 1393, 16, 71, 48, 31, 74, 65, 65, 55, 53
 1394, 15, 75, 48, 33, 79, 69, 79, 54, 58
 1391, 17, 69, 50, 29, 76, 64, 66, 53, 55
 1390, 71, 31, 32, 15, 72, 32, 72, 41, 29
 1397, 16, 51, 77, 48, 79, 60, 75, 62, 78
