PLAYERNUMBER,KEEPING,TACKLING,PASSING,SHOOTING,PACE,HEADING,STAMINA,SETPIECES,BALLCONTROL
 3522, 17, 54, 75, 54, 80, 60, 79, 68, 75
 3521, 16, 33, 72, 83, 87, 60, 91, 73, 75
 3523, 15, 69, 45, 27, 74, 58, 66, 47, 48
 3525, 16, 33, 70, 82, 91, 61, 86, 72, 77
 3524, 15, 78, 52, 33, 77, 71, 74, 57, 58
 3527, 73, 30, 32, 14, 72, 32, 66, 45, 31
 3528, 67, 32, 32, 16, 72, 32, 69, 40, 31
 3529, 17, 70, 49, 32, 83, 65, 81, 53, 53
 3531, 77, 33, 31, 17, 72, 31, 71, 43, 31
 3532, 14, 61, 44, 28, 81, 57, 76, 49, 47
 3533, 16, 73, 52, 32, 78, 67, 73, 56, 57
 3534, 19, 84, 56, 56, 81, 70, 78, 61, 59
 3535, 13, 61, 41, 29, 80, 55, 76, 45, 47
 3536, 18, 55, 75, 55, 82, 60, 80, 69, 78
 3537, 18, 32, 53, 79, 92, 69, 94, 68, 69
 3538, 16, 45, 73, 61, 78, 50, 72, 64, 69
 3539, 17, 73, 49, 31, 81, 65, 82, 55, 55
 3540, 18, 89, 61, 37, 83, 76, 82, 63, 64
 3541, 15, 29, 45, 67, 83, 59, 75, 59, 59
 3827, 18, 48, 76, 65, 87, 58, 88, 71, 80
 3542, 17, 77, 54, 31, 82, 71, 76, 58, 60
 3864, 16, 88, 57, 35, 80, 81, 74, 64, 63
 3543, 13, 31, 47, 65, 76, 59, 71, 60, 59
 3544, 17, 77, 54, 33, 82, 68, 80, 57, 60
 3546, 17, 52, 72, 50, 78, 55, 71, 65, 70
 3547, 18, 79, 52, 55, 76, 68, 66, 57, 58
 3549, 15, 49, 85, 73, 82, 61, 75, 78, 83
 3552, 16, 33, 56, 77, 91, 69, 85, 68, 75
 3553, 19, 37, 63, 90, 90, 79, 92, 81, 84
 3551, 17, 84, 60, 37, 82, 75, 81, 63, 63
 3554, 15, 62, 46, 30, 72, 57, 66, 49, 48
 3555, 17, 81, 55, 35, 82, 71, 76, 58, 58
 3556, 16, 68, 77, 48, 72, 60, 71, 73, 75
 3557, 16, 33, 61, 73, 83, 57, 79, 68, 65
 3559, 17, 34, 66, 76, 82, 62, 73, 69, 68
 3561, 16, 32, 68, 79, 84, 61, 78, 70, 73
 3562, 17, 30, 66, 77, 86, 50, 85, 67, 71
 3560, 20, 36, 83, 93, 95, 64, 90, 81, 83
 3563, 16, 67, 47, 31, 82, 62, 75, 50, 49
 3565, 16, 56, 80, 57, 87, 63, 84, 75, 79
 3566, 16, 60, 74, 47, 78, 57, 72, 69, 74
 3567, 14, 31, 68, 78, 86, 56, 80, 69, 69
 3568, 17, 43, 71, 60, 84, 57, 81, 65, 72
 3572, 18, 34, 62, 74, 82, 57, 72, 66, 68
 3574, 14, 74, 53, 54, 83, 66, 80, 56, 56
 3575, 80, 35, 33, 18, 76, 34, 72, 47, 33
 3576, 82, 33, 32, 16, 75, 33, 65, 46, 32
 3577, 16, 61, 45, 28, 76, 60, 72, 50, 49
 3578, 18, 33, 64, 75, 82, 56, 77, 66, 68
 3582, 17, 71, 53, 33, 77, 64, 74, 57, 57
 3581, 16, 47, 68, 48, 84, 53, 84, 65, 70
 3583, 19, 89, 67, 65, 74, 75, 59, 65, 65
 3584, 19, 32, 54, 77, 89, 71, 88, 72, 70
 3586, 13, 67, 47, 32, 76, 62, 66, 53, 53
 3587, 13, 45, 66, 46, 82, 48, 82, 59, 64
 3588, 14, 45, 66, 46, 73, 51, 64, 59, 67
 3590, 17, 60, 73, 45, 77, 56, 69, 67, 73
 3591, 17, 35, 58, 86, 88, 75, 85, 76, 73
 3593, 17, 32, 64, 72, 89, 54, 88, 66, 66
 3594, 17, 32, 50, 71, 79, 69, 75, 66, 64
 3596, 15, 43, 73, 60, 82, 56, 77, 66, 70
 3597, 84, 34, 32, 15, 76, 35, 67, 50, 33
 3598, 16, 35, 61, 84, 78, 80, 70, 71, 70
 3599, 14, 47, 69, 46, 81, 54, 80, 63, 69
 3600, 16, 55, 78, 56, 77, 59, 72, 72, 80
 3601, 17, 62, 84, 64, 81, 65, 79, 76, 84
 3603, 15, 67, 77, 47, 76, 58, 63, 71, 78
 3602, 19, 88, 62, 36, 79, 77, 77, 67, 65
 3604, 16, 55, 78, 55, 88, 59, 80, 70, 75
 3605, 15, 46, 69, 48, 83, 51, 78, 61, 68
 3606, 18, 33, 56, 81, 86, 71, 80, 73, 73
 3607, 14, 30, 58, 65, 82, 51, 78, 59, 58
 3608, 16, 33, 64, 75, 88, 58, 85, 68, 70
 3610, 15, 72, 52, 33, 79, 65, 74, 54, 55
 3612, 16, 33, 65, 76, 79, 56, 75, 67, 65
 3615, 16, 83, 55, 35, 80, 71, 80, 57, 60
 3616, 16, 75, 54, 31, 78, 69, 75, 57, 58
 3618, 79, 34, 34, 16, 64, 35, 49, 50, 34
 3619, 17, 36, 63, 90, 90, 74, 83, 75, 80
 3620, 15, 30, 53, 75, 84, 71, 78, 67, 64
 3621, 18, 53, 73, 51, 83, 55, 81, 67, 72
 3622, 17, 52, 73, 51, 84, 56, 81, 67, 72
 3623, 17, 50, 72, 50, 81, 56, 76, 64, 72
 3624, 16, 31, 65, 74, 87, 55, 84, 64, 66
 3625, 16, 47, 70, 50, 85, 53, 85, 62, 70
 3626, 16, 49, 85, 76, 83, 63, 76, 74, 81
 3627, 16, 73, 51, 32, 80, 64, 83, 55, 54
 3628, 15, 83, 55, 59, 83, 69, 79, 58, 59
 3629, 16, 31, 60, 71, 82, 53, 76, 64, 65
 3631, 13, 31, 43, 62, 85, 60, 83, 59, 59
 3632, 15, 30, 49, 71, 84, 65, 80, 66, 64
 3633, 15, 29, 53, 61, 83, 46, 79, 55, 55
 3635, 13, 28, 57, 64, 85, 49, 85, 58, 58
 3636, 15, 41, 62, 44, 81, 46, 81, 55, 60
 3637, 15, 36, 58, 85, 93, 74, 90, 74, 76
 3640, 81, 33, 33, 15, 69, 34, 65, 50, 34
 3641, 15, 34, 62, 74, 84, 58, 78, 69, 68
 3639, 14, 66, 49, 29, 77, 61, 75, 52, 52
 3644, 16, 65, 45, 30, 83, 57, 81, 47, 47
 3645, 16, 89, 59, 36, 78, 74, 73, 63, 64
 3646, 14, 50, 69, 48, 84, 54, 84, 64, 69
 3647, 18, 80, 51, 34, 84, 67, 75, 56, 55
 3649, 15, 49, 85, 73, 79, 59, 69, 73, 78
 3650, 18, 34, 62, 91, 88, 79, 87, 77, 80
 3651, 18, 36, 61, 86, 83, 75, 75, 77, 75
 3648, 11, 24, 31, 44, 83, 38, 84, 40, 41
 3653, 19, 53, 91, 78, 88, 65, 84, 82, 92
 3654, 77, 34, 35, 18, 66, 35, 58, 46, 35
 3655, 19, 85, 57, 34, 82, 73, 81, 61, 61
 3579, 18, 34, 58, 90, 89, 77, 84, 80, 78
 4357, 25, 98, 70, 42, 84, 90, 86, 85, 85
 4358, 14, 60, 98, 75, 89, 85, 87, 88, 92
 3747, 13, 64, 48, 30, 82, 61, 79, 48, 49
 3750, 17, 51, 79, 57, 85, 56, 85, 67, 75
 3756, 64, 28, 31, 13, 70, 29, 65, 38, 30
 3768, 18, 90, 58, 34, 82, 83, 81, 65, 65
 3854, 19, 78, 57, 34, 84, 72, 81, 59, 62
 3855, 16, 49, 88, 73, 83, 64, 78, 74, 85
 3859, 14, 76, 50, 35, 74, 65, 63, 57, 55
 3856, 18, 49, 88, 73, 87, 61, 79, 75, 89
 3860, 16, 50, 73, 51, 84, 56, 81, 65, 71
 3858, 15, 30, 48, 71, 83, 64, 81, 66, 65
 3857, 71, 30, 29, 14, 67, 31, 64, 39, 30
 3861, 16, 29, 55, 63, 83, 49, 80, 57, 56
 3928, 17, 32, 63, 74, 82, 58, 79, 64, 63
 4094, 18, 89, 59, 37, 81, 82, 80, 64, 65
 3960, 71, 30, 33, 17, 72, 31, 75, 44, 31
 3994, 19, 84, 56, 34, 78, 78, 68, 62, 61
 4049, 19, 36, 61, 86, 85, 74, 77, 79, 78
 4050, 16, 89, 62, 36, 80, 78, 74, 63, 64
 3643, 19, 36, 75, 89, 86, 62, 77, 77, 78
 4123, 15, 46, 64, 44, 84, 49, 86, 58, 62
 4136, 15, 84, 56, 33, 78, 77, 70, 61, 61
 4138, 75, 32, 33, 18, 70, 32, 67, 47, 32
 4139, 14, 52, 77, 53, 80, 55, 78, 68, 75
 4143, 15, 82, 55, 34, 75, 75, 70, 59, 59
 3993, 18, 77, 55, 31, 86, 69, 81, 57, 56
 4222, 81, 35, 35, 19, 71, 33, 68, 51, 33
 4288, 66, 29, 32, 16, 70, 31, 68, 40, 30
 4289, 18, 63, 85, 58, 86, 66, 76, 77, 82
 4292, 78, 32, 32, 17, 77, 34, 73, 48, 35
 4298, 13, 64, 45, 28, 81, 61, 82, 52, 49
 4301, 16, 73, 51, 33, 84, 67, 85, 57, 57
 4302, 82, 35, 36, 16, 71, 37, 68, 51, 36
 4303, 17, 34, 68, 77, 86, 59, 82, 72, 72
 4309, 18, 34, 57, 70, 85, 55, 85, 67, 67
 4319, 14, 31, 51, 72, 82, 67, 83, 67, 64
 4327, 15, 34, 63, 71, 84, 53, 79, 66, 64
 4331, 16, 32, 59, 84, 85, 71, 82, 73, 74
 4334, 16, 71, 45, 30, 69, 64, 57, 55, 51
 3656, 14, 52, 73, 52, 80, 55, 78, 66, 71
 3657, 77, 34, 33, 19, 74, 33, 67, 49, 33
 3658, 16, 72, 82, 50, 85, 62, 83, 75, 81
 3684, 16, 32, 74, 83, 84, 56, 82, 69, 69
 4074, 15, 72, 49, 30, 81, 62, 76, 50, 52
 4073, 15, 30, 51, 73, 85, 67, 85, 67, 66
 4255, 15, 58, 77, 53, 79, 62, 77, 71, 75
 3659, 19, 37, 58, 83, 81, 76, 73, 74, 77
 3893, 13, 31, 43, 29, 80, 31, 75, 42, 44
 3660, 15, 72, 52, 30, 78, 64, 76, 56, 57
 3661, 15, 30, 47, 72, 89, 61, 83, 63, 60
 3662, 15, 69, 46, 27, 81, 58, 78, 50, 48
 3663, 16, 53, 77, 53, 80, 58, 75, 71, 75
 3664, 15, 29, 53, 61, 83, 49, 75, 57, 60
 3665, 17, 33, 50, 72, 83, 66, 79, 64, 64
 3668, 15, 34, 53, 79, 87, 73, 83, 68, 68
 3670, 19, 85, 59, 33, 82, 79, 81, 60, 61
 3671, 16, 32, 67, 75, 85, 57, 79, 70, 69
 3674, 15, 48, 67, 46, 83, 53, 79, 61, 68
 3675, 17, 49, 83, 68, 83, 60, 77, 70, 78
 3676, 15, 32, 53, 74, 83, 67, 82, 68, 68
 3673, 15, 31, 65, 73, 84, 54, 82, 67, 67
 3677, 14, 28, 41, 62, 82, 55, 80, 56, 57
 4160, 16, 31, 62, 77, 93, 55, 86, 67, 67
 3642, 16, 31, 50, 71, 78, 67, 68, 65, 67
 3957, 18, 51, 81, 65, 86, 57, 83, 70, 78
 3678, 17, 32, 52, 76, 84, 67, 79, 68, 66
 3679, 19, 81, 57, 32, 79, 72, 75, 61, 61
 3680, 16, 55, 70, 54, 80, 56, 75, 65, 74
 3681, 89, 37, 35, 17, 79, 34, 76, 51, 36
 3683, 14, 33, 52, 80, 85, 73, 81, 69, 67
 3685, 15, 46, 81, 71, 86, 57, 85, 69, 73
 3687, 17, 69, 48, 31, 85, 63, 82, 53, 51
 3688, 19, 58, 88, 63, 86, 62, 81, 74, 89
 3691, 15, 73, 51, 32, 83, 67, 81, 55, 55
 3692, 19, 34, 59, 87, 91, 74, 82, 74, 80
 3693, 17, 33, 59, 77, 79, 74, 71, 72, 71
 3694, 15, 48, 68, 50, 83, 54, 80, 62, 70
 3695, 18, 79, 56, 34, 79, 71, 76, 57, 59
 3696, 17, 31, 55, 67, 79, 51, 76, 61, 62
 3697, 17, 64, 77, 45, 79, 57, 77, 66, 74
 3698, 16, 80, 51, 33, 80, 69, 72, 55, 57
 3699, 13, 31, 46, 65, 84, 57, 79, 60, 60
 3700, 17, 33, 49, 76, 91, 67, 86, 64, 68
 3704, 14, 28, 51, 62, 79, 49, 76, 60, 58
 3703, 14, 54, 74, 49, 86, 51, 86, 63, 71
 3705, 14, 30, 62, 75, 88, 56, 83, 64, 63
 3706, 15, 66, 44, 30, 82, 61, 84, 49, 50
 3707, 19, 89, 60, 34, 81, 78, 77, 64, 64
 3708, 16, 71, 50, 31, 82, 66, 81, 56, 56
 3709, 16, 52, 74, 50, 85, 55, 82, 68, 72
 3710, 17, 51, 73, 51, 77, 56, 75, 67, 72
 3711, 18, 34, 67, 82, 84, 60, 81, 69, 68
 3712, 18, 49, 83, 67, 79, 58, 66, 71, 78
 3714, 16, 33, 49, 72, 87, 67, 89, 64, 64
 3716, 16, 35, 61, 81, 94, 75, 89, 73, 72
 3715, 16, 83, 53, 60, 83, 69, 78, 59, 56
 3717, 14, 32, 59, 71, 84, 54, 82, 63, 65
 3718, 18, 89, 63, 37, 77, 78, 70, 64, 65
 3719, 18, 35, 64, 75, 87, 57, 84, 70, 69
 3720, 16, 50, 83, 72, 89, 62, 85, 71, 81
 3722, 17, 56, 81, 54, 75, 60, 63, 69, 77
 3725, 16, 57, 83, 58, 85, 64, 84, 74, 82
 3726, 18, 53, 86, 74, 83, 64, 83, 74, 82
 3727, 14, 61, 69, 42, 72, 54, 63, 65, 72
 3728, 72, 34, 31, 17, 67, 34, 56, 44, 34
 3730, 14, 73, 49, 33, 84, 65, 84, 56, 55
 3733, 79, 33, 34, 17, 74, 33, 72, 49, 33
 3734, 17, 77, 49, 32, 76, 69, 73, 53, 55
 3735, 15, 33, 60, 85, 85, 71, 81, 70, 72
 3736, 16, 28, 56, 68, 82, 52, 82, 61, 63
 3738, 19, 52, 84, 70, 86, 60, 80, 73, 80
 3740, 67, 32, 31, 17, 65, 31, 63, 43, 29
 3742, 17, 49, 77, 65, 74, 62, 66, 72, 79
 3744, 18, 80, 61, 34, 81, 75, 71, 62, 61
 3745, 17, 54, 94, 83, 84, 65, 81, 80, 90
 3746, 13, 43, 62, 46, 79, 46, 78, 57, 63
 3743, 18, 78, 52, 31, 83, 67, 82, 55, 56
 3748, 83, 34, 36, 17, 66, 33, 61, 47, 33
 3749, 15, 28, 49, 67, 87, 56, 85, 57, 58
 3751, 14, 30, 51, 76, 82, 64, 78, 66, 69
 3752, 20, 92, 59, 36, 84, 78, 84, 65, 64
 3753, 11, 43, 30, 22, 81, 38, 78, 31, 35
 3754, 89, 35, 35, 18, 66, 35, 60, 52, 35
 3757, 19, 78, 87, 54, 76, 64, 67, 74, 82
 3758, 19, 36, 67, 92, 89, 78, 83, 81, 85
 3759, 18, 80, 57, 33, 79, 70, 75, 61, 58
 3760, 18, 53, 74, 54, 78, 55, 75, 67, 76
 3761, 16, 39, 70, 58, 83, 50, 81, 59, 67
 3763, 16, 56, 80, 59, 79, 59, 76, 68, 78
 3765, 18, 36, 62, 89, 83, 76, 78, 77, 76
 3766, 16, 92, 61, 68, 84, 76, 79, 63, 65
 3767, 17, 34, 67, 81, 90, 64, 89, 77, 74
 3775, 16, 80, 54, 34, 82, 72, 81, 61, 61
 3777, 17, 33, 57, 85, 92, 75, 87, 73, 79
 3778, 19, 88, 62, 34, 79, 75, 74, 62, 64
 3780, 16, 28, 46, 64, 79, 59, 74, 57, 57
 3781, 15, 50, 83, 69, 80, 66, 80, 71, 80
 3782, 15, 51, 73, 50, 84, 54, 80, 66, 73
 3783, 14, 78, 49, 32, 80, 66, 75, 54, 53
 3784, 15, 74, 52, 32, 80, 69, 78, 55, 57
 3787, 18, 83, 58, 34, 81, 75, 76, 64, 63
 3788, 17, 35, 72, 82, 85, 60, 78, 69, 68
 3789, 14, 62, 42, 27, 81, 55, 74, 47, 47
 3791, 13, 28, 60, 69, 89, 48, 82, 60, 63
 3792, 15, 84, 62, 35, 85, 71, 82, 63, 60
 3793, 16, 73, 51, 32, 79, 68, 74, 57, 57
 3794, 16, 85, 56, 35, 83, 72, 84, 63, 62
 3795, 18, 35, 72, 82, 84, 63, 80, 74, 72
 3796, 18, 47, 82, 68, 82, 60, 81, 70, 75
 3797, 16, 50, 74, 49, 86, 55, 87, 66, 74
 3799, 19, 82, 60, 34, 80, 72, 74, 60, 59
 3800, 16, 73, 50, 32, 83, 64, 83, 57, 54
 3802, 14, 31, 61, 69, 79, 53, 76, 64, 62
 3804, 71, 32, 34, 15, 74, 33, 68, 45, 32
 3805, 14, 66, 47, 30, 81, 64, 80, 53, 52
 3806, 16, 85, 57, 36, 82, 76, 82, 62, 62
 3808, 16, 50, 73, 50, 84, 55, 84, 66, 71
 3809, 18, 36, 79, 90, 92, 66, 85, 80, 83
 3811, 16, 87, 60, 35, 85, 74, 76, 63, 63
 3812, 14, 32, 51, 70, 88, 64, 80, 62, 63
 3813, 16, 31, 46, 71, 78, 65, 71, 60, 59
 3814, 17, 57, 82, 57, 78, 65, 73, 76, 84
 3816, 16, 63, 45, 29, 87, 58, 80, 50, 48
 3817, 13, 28, 55, 62, 82, 49, 74, 58, 59
 3818, 16, 30, 61, 75, 86, 54, 84, 64, 66
 3819, 18, 82, 60, 35, 76, 74, 73, 59, 60
 3821, 17, 77, 55, 34, 85, 69, 84, 58, 59
 3822, 15, 63, 44, 30, 83, 54, 80, 48, 45
 3826, 19, 61, 84, 63, 83, 62, 78, 77, 89
 3828, 15, 31, 69, 81, 84, 58, 81, 68, 75
 3830, 16, 48, 83, 67, 74, 64, 65, 70, 81
 3831, 15, 70, 80, 49, 84, 60, 80, 70, 81
 3832, 15, 75, 51, 32, 77, 68, 69, 57, 57
 3833, 16, 85, 58, 35, 85, 76, 83, 62, 61
 3834, 15, 28, 58, 71, 85, 52, 82, 59, 65
 3835, 15, 50, 74, 54, 80, 55, 75, 64, 71
 3836, 18, 52, 89, 72, 84, 64, 79, 74, 87
 3837, 71, 30, 31, 15, 66, 33, 54, 41, 33
 3838, 16, 83, 55, 34, 84, 69, 75, 58, 57
 3839, 15, 58, 82, 52, 75, 58, 64, 68, 76
 3840, 14, 48, 70, 50, 83, 55, 82, 63, 70
 3841, 74, 31, 31, 17, 72, 32, 72, 46, 32
 3842, 14, 45, 66, 45, 83, 52, 80, 60, 65
 3844, 81, 35, 33, 17, 69, 33, 65, 47, 33
 3843, 16, 82, 58, 33, 78, 77, 76, 62, 65
 3845, 18, 47, 83, 70, 73, 58, 65, 70, 80
 3846, 13, 44, 65, 43, 81, 48, 76, 57, 65
 3847, 14, 70, 53, 33, 79, 66, 78, 56, 56
 3848, 16, 78, 53, 34, 83, 69, 82, 54, 56
 3849, 17, 50, 69, 49, 84, 54, 83, 65, 71
 3850, 17, 33, 62, 87, 84, 72, 82, 72, 78
 3851, 78, 32, 35, 16, 73, 33, 74, 46, 33
 3852, 19, 36, 75, 85, 83, 64, 77, 74, 76
 3853, 17, 59, 81, 56, 82, 64, 82, 75, 79
 3862, 14, 51, 78, 55, 79, 55, 72, 66, 72
 3863, 15, 51, 73, 55, 85, 56, 81, 64, 72
 3865, 17, 31, 49, 66, 85, 62, 79, 60, 62
 3866, 14, 70, 45, 32, 81, 61, 78, 51, 48
 3867, 80, 33, 33, 19, 78, 36, 77, 49, 36
 3868, 12, 22, 35, 42, 85, 34, 82, 39, 40
 3869, 14, 30, 57, 68, 83, 51, 80, 62, 61
 3870, 17, 49, 78, 51, 82, 53, 76, 64, 70
 3871, 14, 49, 64, 46, 86, 51, 75, 60, 67
 3872, 80, 32, 36, 18, 72, 33, 74, 49, 33
 3873, 17, 76, 52, 32, 77, 70, 73, 57, 59
 3874, 14, 28, 58, 67, 85, 52, 81, 59, 60
 3875, 19, 34, 62, 91, 88, 79, 81, 79, 80
 3876, 17, 35, 57, 81, 84, 71, 83, 72, 73
 3878, 19, 59, 84, 60, 82, 62, 79, 75, 82
 3877, 15, 65, 46, 29, 76, 60, 72, 50, 50
 3879, 17, 65, 47, 31, 81, 62, 77, 52, 50
 3880, 18, 31, 61, 71, 83, 55, 82, 66, 67
 3881, 75, 32, 31, 17, 72, 32, 67, 45, 34
 3882, 15, 29, 56, 64, 85, 50, 86, 59, 58
 3883, 16, 82, 57, 35, 80, 73, 77, 61, 61
 3884, 17, 73, 50, 31, 77, 66, 70, 53, 57
 3885, 17, 75, 54, 33, 83, 71, 82, 58, 57
 3886, 16, 54, 77, 54, 89, 59, 83, 69, 75
 3887, 18, 56, 82, 55, 80, 61, 74, 70, 77
 3888, 18, 79, 56, 32, 78, 72, 73, 62, 61
 3889, 14, 28, 52, 64, 85, 47, 84, 58, 59
 3890, 17, 56, 78, 56, 83, 61, 81, 73, 79
 3891, 16, 47, 65, 47, 78, 51, 75, 62, 64
 3892, 19, 51, 88, 71, 84, 64, 83, 75, 89
 3894, 17, 52, 88, 73, 92, 65, 85, 80, 94
 3895, 13, 30, 48, 69, 86, 62, 81, 60, 63
 3896, 18, 73, 52, 32, 81, 65, 82, 54, 54
 3897, 17, 71, 50, 32, 77, 63, 73, 55, 52
 3898, 19, 87, 62, 35, 82, 79, 79, 65, 65
 3899, 18, 62, 89, 65, 85, 66, 83, 79, 93
 3900, 17, 51, 75, 53, 85, 58, 82, 66, 73
 3901, 16, 33, 53, 80, 87, 71, 81, 69, 71
 3902, 14, 72, 51, 31, 81, 68, 81, 53, 54
 3903, 17, 30, 63, 70, 82, 54, 75, 63, 65
 3904, 19, 36, 67, 83, 97, 63, 89, 75, 78
 3905, 14, 67, 49, 32, 76, 60, 72, 50, 51
 3906, 16, 55, 83, 56, 83, 61, 84, 72, 80
 3908, 19, 88, 62, 62, 82, 82, 77, 67, 65
 3907, 16, 52, 74, 55, 85, 55, 83, 67, 76
 3909, 82, 35, 35, 16, 74, 36, 70, 50, 36
 3910, 14, 41, 63, 55, 78, 50, 73, 59, 65
 3911, 19, 86, 59, 35, 75, 74, 67, 63, 62
 3912, 73, 32, 33, 15, 69, 34, 63, 42, 33
 3914, 19, 51, 91, 80, 85, 63, 72, 79, 90
 3913, 19, 49, 86, 70, 85, 64, 86, 74, 81
 3915, 15, 43, 62, 41, 81, 46, 81, 55, 59
 3916, 19, 83, 57, 37, 81, 72, 80, 63, 61
 3917, 16, 34, 66, 78, 88, 55, 86, 64, 66
 3918, 15, 29, 47, 65, 84, 58, 77, 58, 59
 3919, 64, 30, 30, 13, 69, 29, 64, 38, 30
 3920, 18, 58, 85, 55, 84, 63, 81, 74, 87
 3921, 18, 32, 59, 76, 85, 70, 82, 69, 68
 3923, 17, 53, 73, 50, 79, 54, 73, 64, 72
 3924, 15, 69, 49, 30, 78, 62, 74, 50, 51
 3925, 16, 88, 59, 37, 83, 77, 76, 64, 65
 3926, 15, 46, 63, 43, 82, 47, 78, 59, 65
 3929, 14, 47, 78, 67, 76, 54, 64, 66, 71
 3930, 17, 79, 56, 34, 80, 74, 75, 60, 63
 3931, 17, 58, 82, 55, 84, 59, 81, 70, 77
 3545, 71, 33, 32, 16, 65, 30, 59, 43, 32
 3934, 18, 33, 61, 71, 87, 57, 85, 65, 67
 3935, 14, 46, 67, 48, 84, 52, 81, 60, 65
 3936, 14, 67, 45, 30, 81, 59, 75, 52, 50
 3937, 12, 29, 41, 65, 75, 58, 62, 57, 56
 3938, 17, 52, 80, 51, 85, 59, 75, 67, 72
 3939, 17, 35, 67, 75, 87, 57, 84, 69, 68
 3940, 18, 69, 78, 43, 88, 54, 81, 65, 76
 3942, 17, 73, 50, 31, 80, 66, 77, 56, 54
 3941, 16, 55, 75, 59, 81, 59, 74, 71, 78
 3943, 16, 49, 70, 46, 81, 48, 73, 59, 64
 3944, 14, 75, 47, 32, 74, 64, 67, 53, 54
 3945, 11, 43, 29, 24, 77, 41, 75, 34, 32
 3946, 16, 34, 69, 79, 92, 62, 86, 75, 72
 3947, 19, 34, 64, 78, 82, 61, 72, 73, 70
 3948, 17, 33, 68, 78, 91, 59, 89, 71, 76
 3949, 18, 87, 56, 35, 88, 73, 79, 60, 61
 3951, 16, 73, 50, 34, 84, 67, 81, 55, 55
 3953, 17, 74, 54, 33, 80, 67, 81, 57, 57
 3954, 14, 30, 46, 68, 85, 63, 84, 60, 63
 3955, 14, 58, 69, 44, 72, 53, 60, 63, 69
 3956, 15, 46, 63, 47, 79, 52, 77, 59, 66
 3958, 18, 51, 75, 52, 84, 58, 82, 67, 74
 3959, 13, 28, 56, 67, 85, 49, 85, 59, 61
 3961, 16, 49, 72, 50, 83, 52, 79, 64, 70
 3963, 16, 82, 57, 32, 82, 77, 85, 60, 59
 3964, 17, 49, 76, 52, 83, 53, 77, 64, 73
 3965, 17, 38, 79, 94, 85, 85, 88, 89, 89
 3966, 86, 36, 36, 18, 68, 35, 63, 49, 33
 3967, 15, 49, 82, 67, 83, 65, 82, 73, 82
 3969, 15, 83, 55, 35, 76, 74, 66, 59, 61
 3971, 17, 73, 53, 32, 80, 66, 81, 57, 58
 3972, 17, 53, 76, 53, 82, 58, 76, 68, 76
 3973, 17, 32, 59, 71, 85, 56, 81, 66, 69
 3975, 14, 49, 69, 47, 80, 53, 75, 60, 69
 3976, 16, 80, 88, 52, 88, 62, 81, 75, 83
 3978, 18, 55, 77, 54, 80, 62, 71, 72, 81
 3979, 14, 31, 54, 77, 86, 67, 80, 67, 70
 3980, 19, 83, 57, 33, 79, 76, 78, 60, 62
 3981, 15, 70, 48, 33, 80, 63, 81, 54, 54
 3982, 17, 83, 55, 31, 79, 73, 68, 58, 59
 3983, 18, 35, 60, 91, 86, 74, 86, 78, 78
 3984, 16, 83, 58, 33, 80, 74, 77, 61, 62
 3985, 10, 41, 30, 21, 72, 42, 68, 31, 34
 3986, 70, 30, 33, 15, 74, 30, 70, 43, 30
 3987, 81, 33, 35, 17, 73, 36, 69, 50, 35
 3989, 13, 46, 64, 46, 82, 48, 80, 58, 65
 3988, 10, 44, 28, 22, 78, 39, 74, 32, 35
 3990, 15, 50, 74, 49, 81, 54, 78, 66, 70
 3991, 14, 30, 65, 75, 86, 57, 84, 65, 67
 3992, 15, 75, 50, 31, 76, 70, 72, 55, 54
 3995, 15, 80, 59, 35, 84, 72, 81, 62, 62
 3996, 12, 42, 32, 23, 74, 42, 71, 32, 32
 3997, 18, 33, 61, 75, 87, 56, 85, 71, 70
 3998, 17, 32, 56, 69, 88, 51, 86, 65, 62
 3999, 16, 29, 45, 69, 87, 59, 82, 58, 64
 4003, 18, 54, 77, 57, 84, 60, 83, 70, 79
 4004, 17, 73, 50, 32, 79, 64, 80, 53, 54
 4005, 20, 90, 61, 38, 88, 83, 80, 65, 67
 4006, 13, 43, 64, 43, 80, 49, 79, 60, 64
 4007, 19, 94, 64, 36, 84, 82, 83, 68, 67
 4009, 17, 72, 50, 33, 80, 64, 74, 56, 56
 4011, 16, 48, 64, 47, 82, 51, 78, 60, 65
 4012, 17, 31, 57, 68, 84, 52, 80, 63, 64
 4013, 13, 45, 71, 48, 84, 49, 84, 59, 71
 4015, 74, 32, 34, 15, 72, 33, 64, 44, 31
 4014, 18, 54, 80, 55, 86, 60, 88, 72, 79
 4017, 18, 34, 72, 82, 88, 58, 88, 71, 68
 4018, 19, 84, 63, 35, 82, 75, 80, 64, 61
 4019, 81, 34, 32, 15, 79, 33, 75, 48, 34
 4020, 18, 50, 71, 49, 84, 55, 80, 64, 72
 4022, 19, 37, 61, 88, 90, 76, 84, 76, 80
 4023, 14, 50, 70, 51, 83, 52, 79, 63, 70
 4024, 16, 67, 47, 31, 77, 63, 69, 53, 53
 4025, 14, 48, 67, 47, 81, 51, 81, 60, 68
 4026, 18, 49, 72, 50, 83, 53, 82, 66, 72
 4027, 15, 33, 61, 73, 87, 51, 86, 65, 63
 4028, 18, 34, 66, 74, 87, 58, 78, 67, 66
 4029, 16, 32, 52, 82, 84, 68, 82, 71, 69
 4030, 17, 69, 51, 33, 78, 62, 77, 54, 52
 4031, 13, 46, 62, 44, 84, 49, 83, 58, 62
 4033, 15, 31, 58, 67, 86, 53, 83, 63, 62
 4034, 16, 48, 74, 49, 87, 54, 82, 63, 75
 4035, 16, 37, 61, 90, 84, 83, 80, 76, 75
 4037, 15, 53, 80, 58, 83, 57, 80, 69, 77
 4038, 17, 54, 77, 53, 84, 58, 77, 71, 75
 4041, 14, 53, 75, 52, 80, 56, 73, 66, 73
 4042, 72, 33, 30, 18, 74, 32, 73, 44, 30
 4044, 18, 87, 64, 37, 82, 78, 78, 65, 62
 4045, 19, 36, 77, 89, 81, 65, 76, 78, 81
 4046, 18, 48, 80, 70, 83, 60, 79, 70, 75
 4047, 15, 57, 79, 54, 85, 59, 81, 72, 77
 4048, 17, 33, 60, 73, 83, 56, 82, 64, 67
 4051, 16, 77, 55, 31, 82, 71, 78, 58, 59
 4052, 14, 66, 46, 31, 81, 62, 83, 53, 51
 4053, 17, 54, 75, 52, 81, 58, 78, 69, 75
 4054, 18, 60, 89, 60, 81, 65, 79, 76, 85
 4055, 18, 85, 58, 35, 80, 76, 76, 64, 61
 4056, 15, 32, 59, 78, 86, 75, 82, 73, 70
 4057, 19, 62, 87, 58, 89, 62, 81, 75, 84
 4058, 16, 42, 75, 63, 83, 55, 83, 67, 71
 4059, 16, 84, 58, 35, 81, 77, 79, 65, 63
 4060, 20, 92, 66, 60, 89, 83, 85, 69, 67
 4062, 78, 34, 34, 18, 67, 35, 55, 50, 35
 4063, 18, 34, 54, 75, 84, 68, 82, 69, 68
 4064, 16, 34, 75, 87, 83, 65, 80, 75, 74
 4061, 16, 30, 56, 69, 87, 52, 83, 66, 62
 4065, 17, 92, 64, 64, 86, 78, 84, 65, 69
 4066, 18, 81, 58, 36, 80, 72, 76, 59, 58
 4067, 13, 64, 44, 30, 71, 57, 59, 47, 48
 4068, 15, 33, 65, 76, 80, 55, 75, 66, 69
 4069, 15, 47, 68, 48, 84, 55, 80, 65, 69
 4071, 16, 78, 54, 32, 81, 68, 79, 60, 58
 4072, 17, 51, 83, 72, 82, 58, 82, 71, 78
 4075, 17, 32, 65, 80, 86, 59, 76, 71, 73
 4076, 16, 89, 60, 36, 86, 74, 84, 64, 62
 4079, 78, 35, 35, 15, 72, 33, 69, 50, 36
 4078, 20, 61, 89, 64, 86, 64, 85, 79, 89
 4184, 16, 52, 73, 52, 76, 54, 66, 67, 73
 4080, 16, 51, 87, 73, 89, 64, 79, 75, 85
 4081, 16, 52, 84, 75, 83, 62, 79, 77, 85
 4082, 16, 70, 49, 31, 79, 65, 73, 57, 53
 4083, 15, 81, 58, 58, 75, 68, 65, 58, 60
 4084, 15, 32, 55, 84, 87, 76, 86, 73, 73
 4085, 14, 60, 43, 27, 82, 56, 79, 47, 45
 4243, 17, 91, 64, 36, 87, 82, 79, 67, 65
 4087, 16, 31, 62, 72, 90, 54, 87, 65, 64
 4089, 18, 48, 84, 74, 84, 66, 82, 72, 87
 4088, 16, 78, 51, 34, 85, 68, 83, 56, 53
 4091, 14, 31, 56, 64, 79, 49, 75, 61, 61
 4090, 14, 52, 74, 51, 82, 55, 79, 65, 71
 4093, 16, 38, 70, 63, 85, 49, 86, 60, 71
 4092, 18, 81, 59, 33, 84, 75, 81, 60, 61
 4095, 16, 41, 74, 61, 83, 54, 80, 62, 69
 4096, 16, 34, 72, 82, 85, 59, 86, 71, 70
 4097, 16, 54, 77, 56, 91, 59, 87, 73, 78
 4098, 15, 30, 63, 70, 83, 54, 76, 64, 64
 4099, 16, 78, 51, 32, 83, 66, 79, 57, 54
 4100, 13, 41, 31, 22, 77, 38, 77, 32, 33
 4103, 16, 58, 84, 58, 84, 62, 82, 71, 80
 4101, 16, 35, 75, 84, 86, 63, 85, 76, 75
 4102, 83, 35, 34, 17, 74, 37, 71, 50, 37
 4104, 17, 35, 62, 77, 88, 61, 86, 71, 73
 4105, 14, 70, 48, 31, 84, 65, 80, 53, 52
 4106, 18, 33, 56, 79, 85, 72, 81, 74, 74
 4107, 19, 86, 59, 35, 84, 73, 77, 64, 61
 4109, 16, 56, 77, 57, 82, 59, 74, 71, 78
 4110, 19, 60, 87, 60, 83, 63, 82, 73, 88
 3638, 16, 32, 51, 74, 84, 67, 76, 68, 66
 4111, 18, 33, 62, 81, 84, 79, 82, 72, 77
 4112, 15, 32, 59, 69, 87, 53, 84, 65, 63
 4113, 17, 72, 53, 30, 82, 68, 79, 54, 55
 4114, 15, 83, 54, 33, 78, 74, 72, 59, 58
 4116, 17, 70, 48, 31, 80, 65, 79, 54, 53
 4117, 16, 43, 61, 43, 86, 47, 83, 57, 64
 4118, 17, 33, 69, 83, 91, 61, 83, 70, 70
 4119, 16, 69, 50, 30, 78, 66, 73, 53, 52
 4120, 18, 50, 85, 70, 90, 60, 85, 73, 85
 4121, 15, 44, 62, 45, 85, 49, 82, 60, 64
 4122, 15, 81, 52, 56, 85, 71, 78, 58, 58
 4124, 16, 71, 49, 31, 83, 65, 78, 55, 56
 4127, 15, 32, 57, 69, 87, 53, 88, 60, 60
 4128, 17, 59, 86, 63, 85, 61, 83, 76, 89
 4129, 16, 76, 53, 34, 82, 68, 80, 58, 58
 4130, 14, 28, 44, 62, 81, 58, 78, 57, 55
 4131, 16, 80, 53, 31, 80, 67, 78, 56, 55
 4133, 14, 39, 66, 53, 78, 50, 73, 62, 69
 4132, 15, 34, 60, 83, 84, 75, 77, 71, 73
 4135, 15, 85, 61, 59, 81, 79, 75, 61, 62
 4137, 18, 51, 87, 74, 86, 63, 79, 76, 85
 4140, 16, 51, 71, 51, 84, 55, 83, 62, 72
 4141, 78, 35, 35, 18, 74, 36, 75, 48, 35
 4144, 67, 31, 28, 16, 63, 30, 50, 40, 29
 4145, 18, 35, 57, 77, 89, 70, 90, 71, 69
 4146, 14, 34, 59, 72, 83, 53, 77, 67, 67
 4149, 18, 83, 54, 35, 81, 75, 77, 59, 59
 4151, 20, 64, 89, 66, 78, 72, 69, 80, 89
 4150, 72, 33, 32, 15, 67, 30, 64, 44, 32
 4147, 15, 78, 52, 31, 81, 69, 76, 56, 58
 4152, 15, 55, 82, 57, 86, 60, 85, 73, 80
 4153, 18, 56, 83, 57, 85, 59, 84, 71, 77
 4154, 19, 34, 61, 87, 85, 76, 79, 75, 79
 4155, 18, 34, 72, 88, 88, 65, 88, 76, 82
 4156, 74, 33, 32, 17, 72, 31, 73, 46, 31
 4157, 16, 29, 58, 68, 82, 55, 83, 64, 64
 4158, 17, 36, 55, 85, 89, 73, 80, 73, 79
 4159, 10, 22, 32, 41, 84, 42, 83, 39, 39
 4164, 15, 49, 71, 50, 80, 54, 77, 62, 70
 4163, 15, 73, 51, 30, 74, 66, 64, 54, 56
 4165, 14, 71, 53, 32, 78, 65, 76, 56, 55
 4166, 16, 58, 83, 59, 88, 63, 77, 76, 84
 4167, 14, 67, 47, 30, 79, 58, 75, 50, 51
 4168, 17, 45, 73, 60, 82, 59, 80, 69, 80
 4170, 19, 84, 60, 57, 81, 79, 77, 63, 60
 4169, 68, 30, 32, 17, 71, 33, 70, 43, 30
 4171, 73, 30, 30, 15, 69, 31, 65, 44, 31
 4172, 16, 76, 53, 34, 78, 71, 74, 59, 60
 4173, 15, 81, 56, 33, 83, 75, 82, 57, 59
 4174, 14, 76, 48, 30, 82, 63, 80, 55, 53
 4176, 17, 49, 80, 66, 83, 55, 81, 73, 76
 4177, 16, 48, 80, 71, 84, 57, 83, 69, 76
 4178, 20, 87, 60, 37, 82, 79, 81, 64, 65
 4179, 17, 36, 71, 87, 87, 62, 82, 72, 73
 4180, 18, 49, 83, 68, 86, 59, 83, 70, 80
 4181, 11, 28, 43, 30, 77, 33, 68, 40, 41
 4182, 14, 51, 72, 49, 80, 54, 76, 67, 72
 4183, 16, 85, 58, 35, 81, 73, 78, 61, 62
 4185, 17, 82, 62, 35, 84, 74, 76, 64, 64
 4186, 18, 58, 79, 57, 85, 61, 83, 74, 81
 4187, 18, 37, 66, 90, 87, 82, 90, 80, 78
 4188, 20, 90, 61, 37, 80, 81, 76, 66, 66
 4189, 15, 32, 65, 78, 89, 55, 77, 67, 70
 4190, 17, 83, 59, 36, 73, 73, 61, 58, 62
 4191, 14, 33, 53, 72, 82, 67, 77, 65, 66
 4192, 17, 35, 56, 82, 86, 74, 86, 72, 72
 4194, 16, 54, 67, 40, 76, 50, 71, 60, 69
 4193, 84, 36, 37, 17, 76, 36, 75, 52, 36
 4195, 16, 85, 58, 35, 81, 75, 78, 63, 65
 4197, 15, 70, 49, 33, 78, 64, 77, 54, 53
 4198, 15, 46, 69, 46, 82, 51, 75, 63, 67
 4199, 15, 31, 59, 68, 80, 51, 75, 63, 61
 4200, 68, 31, 32, 14, 71, 31, 69, 41, 29
 4201, 17, 81, 53, 34, 82, 69, 81, 59, 56
 4202, 11, 42, 30, 22, 77, 40, 73, 32, 32
 4203, 43, 23, 22, 10, 69, 23, 65, 25, 25
 4204, 18, 31, 58, 71, 84, 55, 81, 65, 66
 4205, 17, 68, 77, 49, 80, 60, 75, 70, 79
 4206, 14, 70, 52, 32, 81, 64, 80, 54, 55
 4207, 13, 32, 59, 67, 79, 50, 73, 60, 62
 4307, 20, 37, 70, 87, 95, 65, 89, 80, 79
 4032, 19, 87, 60, 36, 78, 76, 70, 62, 63
 4208, 14, 30, 47, 66, 82, 60, 79, 61, 60
 4209, 70, 31, 34, 17, 71, 32, 64, 43, 32
 4210, 19, 86, 63, 35, 83, 79, 78, 65, 68
 4211, 14, 29, 46, 67, 83, 60, 80, 61, 63
 4212, 14, 32, 51, 78, 80, 65, 73, 66, 67
 4213, 18, 32, 51, 71, 85, 64, 82, 66, 66
 4214, 15, 46, 84, 74, 81, 61, 72, 72, 79
 4215, 15, 35, 56, 79, 88, 68, 76, 69, 74
 4216, 14, 48, 64, 47, 84, 49, 81, 61, 64
 4217, 18, 59, 87, 58, 90, 65, 82, 74, 84
 4218, 18, 72, 52, 31, 79, 64, 78, 54, 54
 4219, 15, 29, 57, 66, 84, 49, 78, 61, 59
 4220, 17, 31, 48, 66, 86, 61, 77, 60, 60
 4221, 17, 71, 52, 30, 77, 67, 77, 55, 55
 4223, 67, 29, 28, 14, 70, 29, 63, 41, 31
 4224, 16, 63, 44, 28, 81, 59, 76, 46, 48
 4225, 16, 33, 60, 73, 85, 56, 82, 66, 66
 4226, 14, 46, 64, 45, 82, 48, 82, 59, 64
 4227, 18, 35, 58, 82, 88, 71, 87, 72, 72
 4228, 17, 68, 50, 47, 84, 65, 81, 54, 53
 4229, 18, 84, 65, 37, 83, 65, 77, 65, 65
 4230, 80, 34, 34, 15, 66, 35, 60, 48, 35
 4231, 16, 60, 81, 56, 82, 60, 77, 73, 80
 3779, 16, 79, 54, 34, 81, 73, 78, 58, 61
 4232, 17, 31, 67, 76, 81, 57, 80, 67, 64
 4233, 17, 31, 56, 76, 90, 65, 83, 64, 67
 4234, 19, 35, 73, 82, 88, 63, 82, 77, 78
 4235, 16, 34, 54, 82, 81, 73, 79, 71, 69
 4236, 16, 34, 68, 80, 92, 58, 86, 71, 73
 3609, 18, 55, 78, 55, 84, 61, 84, 70, 80
 4237, 16, 49, 75, 61, 86, 56, 82, 70, 72
 3630, 15, 54, 84, 55, 77, 62, 68, 70, 77
 3772, 17, 60, 78, 57, 80, 59, 79, 70, 78
 3798, 16, 62, 46, 31, 78, 58, 75, 47, 49
 4148, 74, 33, 32, 16, 69, 31, 62, 46, 31
 4239, 14, 47, 66, 47, 83, 52, 80, 61, 67
 3558, 16, 47, 79, 67, 81, 61, 77, 72, 77
 4238, 18, 86, 58, 37, 82, 79, 74, 64, 63
 4240, 12, 43, 32, 25, 77, 42, 76, 34, 35
 4241, 10, 22, 38, 43, 80, 31, 77, 40, 41
 4242, 69, 29, 32, 17, 72, 29, 70, 42, 32
 4244, 19, 93, 65, 40, 85, 81, 84, 67, 65
 4245, 76, 32, 35, 17, 71, 32, 69, 46, 35
 4246, 15, 80, 56, 35, 83, 72, 80, 61, 58
 4247, 20, 36, 79, 89, 91, 63, 84, 76, 81
 4248, 18, 36, 72, 80, 90, 61, 83, 72, 73
 4249, 17, 51, 86, 77, 85, 63, 77, 73, 86
 4251, 62, 30, 31, 12, 72, 28, 68, 37, 28
 4252, 19, 34, 55, 83, 88, 71, 81, 72, 72
 4253, 17, 36, 57, 78, 84, 73, 80, 73, 73
 4254, 16, 32, 50, 73, 81, 64, 79, 66, 65
 4256, 17, 35, 75, 86, 88, 66, 80, 79, 79
 4257, 66, 29, 29, 16, 74, 31, 70, 40, 31
 4258, 16, 58, 81, 58, 83, 62, 75, 74, 83
 4259, 14, 74, 54, 34, 81, 67, 81, 56, 56
 4260, 17, 45, 82, 70, 84, 56, 82, 68, 79
 4262, 17, 50, 71, 52, 82, 57, 82, 65, 72
 3634, 18, 34, 55, 78, 85, 68, 79, 69, 73
 4263, 16, 32, 54, 78, 87, 72, 85, 73, 73
 4264, 15, 67, 47, 30, 79, 62, 76, 49, 51
 4265, 17, 88, 60, 34, 73, 80, 63, 65, 62
 4266, 15, 57, 84, 54, 86, 61, 84, 70, 77
 4268, 18, 53, 85, 70, 81, 62, 70, 74, 82
 3530, 18, 58, 72, 44, 80, 62, 71, 69, 75
 3550, 17, 31, 53, 80, 81, 72, 72, 68, 66
 3548, 16, 75, 54, 33, 81, 72, 79, 56, 60
 3573, 13, 69, 47, 31, 82, 58, 79, 49, 50
 3580, 14, 68, 48, 33, 80, 64, 76, 53, 52
 3585, 16, 73, 50, 30, 81, 64, 81, 53, 54
 3589, 17, 51, 72, 51, 81, 54, 74, 64, 73
 3592, 17, 48, 84, 74, 84, 60, 79, 72, 85
 3611, 17, 73, 49, 33, 82, 65, 83, 54, 56
 3652, 14, 70, 49, 31, 80, 62, 72, 55, 55
 3613, 16, 43, 63, 43, 81, 49, 80, 58, 65
 4115, 17, 85, 60, 37, 81, 76, 76, 62, 64
 4126, 12, 29, 42, 31, 81, 35, 78, 38, 41
 3569, 15, 30, 55, 68, 83, 50, 82, 62, 62
 3570, 17, 77, 52, 34, 81, 70, 77, 57, 59
 3571, 73, 34, 31, 16, 68, 33, 65, 47, 31
 3614, 18, 74, 54, 32, 81, 66, 82, 57, 55
 3617, 17, 53, 86, 76, 79, 64, 70, 73, 81
 3564, 83, 37, 37, 18, 69, 35, 62, 54, 37
 3595, 10, 29, 41, 29, 81, 34, 83, 40, 43
 3672, 16, 74, 85, 50, 84, 66, 81, 75, 85
 3721, 19, 88, 60, 36, 81, 77, 79, 64, 61
 3731, 69, 29, 31, 17, 75, 30, 71, 43, 32
 3764, 18, 38, 64, 86, 87, 81, 78, 78, 79
 3769, 14, 68, 50, 31, 81, 60, 79, 50, 53
 3770, 18, 35, 70, 81, 87, 61, 86, 70, 70
 3785, 16, 51, 73, 52, 80, 56, 77, 69, 74
 3786, 17, 31, 45, 71, 84, 59, 79, 58, 59
 3801, 15, 55, 83, 54, 80, 61, 75, 71, 78
 3810, 17, 65, 79, 48, 83, 60, 83, 74, 81
 3820, 15, 78, 52, 33, 74, 64, 60, 55, 54
 3823, 15, 72, 49, 32, 76, 65, 72, 56, 56
 3927, 17, 74, 49, 32, 77, 67, 76, 56, 54
 3933, 18, 35, 55, 82, 83, 69, 77, 69, 72
 3932, 14, 33, 52, 78, 78, 66, 68, 67, 68
 3950, 17, 50, 72, 53, 82, 59, 78, 67, 76
 3952, 17, 56, 78, 52, 82, 59, 81, 69, 75
 3977, 19, 48, 83, 67, 75, 60, 69, 74, 81
 3962, 16, 78, 54, 34, 83, 69, 81, 57, 57
 3970, 15, 77, 53, 35, 80, 72, 80, 57, 59
 4000, 18, 81, 55, 32, 84, 68, 83, 57, 58
 4002, 15, 70, 49, 32, 78, 64, 67, 54, 53
 4001, 17, 52, 77, 53, 85, 55, 80, 68, 74
 4008, 14, 47, 71, 48, 85, 55, 82, 62, 72
 4010, 17, 36, 78, 90, 89, 68, 78, 80, 79
 4016, 14, 49, 66, 48, 83, 52, 85, 60, 69
 4036, 13, 59, 47, 29, 72, 58, 64, 48, 45
 4077, 17, 55, 85, 56, 82, 61, 80, 72, 83
 4086, 16, 52, 72, 52, 83, 56, 82, 66, 75
 4134, 16, 32, 44, 70, 86, 59, 84, 65, 60
 4161, 97, 38, 38, 18, 78, 37, 74, 52, 37
 4162, 16, 82, 59, 34, 81, 73, 76, 60, 60
 4196, 41, 23, 22, 10, 60, 24, 50, 25, 23
 4291, 69, 32, 33, 16, 73, 30, 68, 43, 30
 4311, 15, 32, 63, 76, 83, 55, 81, 67, 69
 4314, 18, 69, 85, 50, 86, 65, 83, 75, 82
 4317, 18, 35, 56, 82, 82, 72, 80, 70, 73
 4320, 78, 33, 31, 18, 74, 34, 77, 48, 35
 4335, 15, 42, 60, 45, 80, 48, 78, 55, 62
 4355, 13, 31, 55, 65, 82, 49, 82, 58, 59
 3666, 15, 45, 66, 47, 82, 51, 76, 61, 64
 3667, 73, 32, 31, 15, 69, 34, 64, 44, 31
 3669, 17, 53, 75, 52, 84, 59, 78, 71, 78
 3682, 73, 34, 32, 16, 69, 33, 63, 44, 31
 3686, 15, 70, 54, 31, 82, 71, 82, 57, 57
 3689, 69, 29, 30, 13, 63, 30, 48, 38, 29
 3690, 18, 35, 60, 83, 83, 75, 74, 74, 79
 3701, 15, 66, 46, 29, 81, 58, 80, 49, 49
 3702, 15, 28, 53, 63, 83, 49, 79, 58, 56
 3713, 86, 35, 36, 17, 78, 35, 78, 48, 34
 3724, 18, 70, 81, 48, 80, 60, 79, 71, 77
 3723, 16, 29, 43, 62, 84, 58, 80, 56, 57
 3729, 16, 64, 89, 63, 83, 67, 82, 83, 86
 3732, 15, 47, 71, 49, 84, 52, 82, 63, 68
 3737, 18, 53, 76, 56, 85, 57, 80, 68, 77
 3739, 11, 31, 43, 30, 81, 35, 81, 39, 44
 3741, 20, 91, 60, 36, 85, 80, 78, 66, 65
 3755, 73, 31, 31, 14, 60, 31, 47, 45, 30
 3762, 16, 32, 62, 74, 83, 55, 79, 65, 67
 3771, 16, 83, 54, 32, 85, 70, 80, 60, 61
 3776, 16, 60, 78, 56, 85, 62, 76, 72, 77
 3790, 18, 49, 77, 54, 78, 56, 68, 64, 72
 3803, 66, 32, 29, 17, 66, 32, 62, 43, 29
 3807, 19, 87, 58, 35, 83, 73, 72, 62, 60
 3815, 71, 33, 32, 15, 74, 33, 68, 45, 30
 3824, 16, 35, 61, 83, 89, 70, 84, 70, 70
 3825, 16, 46, 66, 46, 83, 49, 80, 59, 64
 3829,  9, 29, 41, 31, 79, 31, 81, 38, 43
 3968, 15, 41, 66, 43, 85, 46, 80, 56, 62
 3974, 13, 46, 69, 48, 82, 53, 82, 61, 66
 4021, 17, 58, 90, 58, 88, 65, 84, 74, 83
 4039, 62, 29, 30, 14, 72, 30, 68, 39, 30
 4040, 17, 33, 64, 75, 89, 57, 89, 66, 68
 4043, 16, 35, 63, 87, 92, 80, 83, 77, 78
 4070, 16, 31, 55, 79, 81, 69, 70, 69, 73
 4108, 14, 51, 74, 54, 80, 56, 74, 66, 74
 4125, 16, 33, 54, 77, 88, 68, 82, 68, 68
 4142, 14, 32, 62, 71, 87, 57, 86, 66, 66
 4175, 17, 83, 61, 36, 80, 74, 76, 63, 64
 4250, 11, 24, 37, 42, 85, 34, 86, 42, 39
 4261, 18, 31, 61, 74, 84, 56, 78, 69, 66
 4269, 44, 24, 24, 12, 72, 24, 71, 28, 22
 4270, 18, 33, 65, 75, 87, 58, 85, 69, 68
 4297, 19, 36, 65, 89, 88, 76, 76, 77, 81
 4312, 18, 53, 77, 56, 78, 60, 70, 68, 74
 4315, 15, 70, 49, 32, 77, 64, 70, 52, 54
 4325, 15, 64, 48, 29, 76, 59, 71, 49, 49
 4338, 19, 78, 88, 53, 80, 67, 76, 77, 86
 4353, 17, 74, 52, 34, 80, 69, 74, 57, 58
 4352, 81, 35, 35, 18, 77, 36, 68, 47, 36
 4267, 15, 31, 60, 72, 85, 57, 80, 66, 66
 4271, 17, 82, 56, 33, 79, 79, 74, 62, 61
 4272, 15, 48, 67, 47, 78, 53, 75, 63, 67
 4273, 14, 30, 50, 73, 78, 63, 66, 63, 62
 4274, 16, 71, 50, 30, 81, 65, 85, 53, 53
 4275, 16, 35, 57, 82, 85, 71, 79, 73, 71
 4276, 69, 31, 32, 16, 66, 30, 61, 43, 32
 4277, 13, 49, 69, 49, 80, 53, 73, 62, 67
 4278, 15, 60, 42, 29, 78, 56, 78, 45, 45
 4279, 16, 80, 57, 31, 83, 66, 82, 56, 58
 4280, 14, 51, 75, 52, 85, 54, 81, 65, 72
 4281, 18, 80, 54, 33, 80, 71, 74, 61, 60
 4282, 14, 78, 54, 32, 77, 68, 71, 56, 53
 4283, 62, 30, 30, 14, 67, 28, 64, 40, 28
 4284, 15, 83, 58, 59, 87, 72, 82, 60, 62
 4286, 13, 64, 47, 28, 71, 59, 60, 51, 52
 4285, 16, 52, 89, 79, 83, 64, 80, 76, 84
 4287, 18, 33, 73, 84, 85, 59, 75, 72, 74
 4293, 18, 77, 50, 32, 83, 69, 84, 53, 56
 4290, 88, 35, 34, 19, 73, 35, 69, 50, 35
 4295, 17, 67, 51, 31, 78, 64, 73, 56, 50
 4296, 18, 37, 62, 90, 82, 80, 76, 79, 78
 4294, 16, 84, 55, 35, 82, 74, 81, 62, 59
 4299, 17, 77, 55, 32, 74, 71, 67, 61, 60
 4300, 10, 43, 30, 24, 76, 42, 74, 34, 33
 4304, 17, 77, 49, 33, 79, 70, 72, 55, 60
 4305, 13, 24, 38, 46, 79, 33, 73, 42, 39
 4306, 16, 43, 73, 63, 84, 53, 80, 66, 70
 4308, 17, 51, 70, 52, 76, 54, 71, 65, 74
 4313, 87, 34, 34, 19, 74, 35, 68, 52, 36
 4310, 16, 69, 48, 32, 81, 63, 78, 53, 53
 4316, 16, 75, 55, 34, 80, 71, 77, 57, 57
 4318, 13, 29, 43, 60, 78, 57, 71, 56, 55
 4321, 83, 35, 34, 16, 76, 34, 75, 50, 36
 4322, 16, 78, 56, 33, 75, 70, 71, 59, 62
 4323, 16, 74, 50, 32, 83, 65, 82, 56, 53
 4324, 15, 83, 59, 35, 82, 74, 77, 60, 63
 4326, 15, 69, 46, 31, 81, 61, 78, 53, 52
 4329, 17, 86, 56, 35, 82, 73, 77, 60, 62
 4328, 17, 82, 58, 34, 81, 69, 76, 58, 59
 4332, 15, 50, 68, 49, 80, 53, 79, 65, 71
 4330, 20, 64, 90, 64, 82, 66, 76, 78, 93
 4333, 14, 45, 64, 44, 81, 49, 82, 56, 65
 4336, 15, 52, 74, 54, 79, 57, 74, 68, 75
 4337, 15, 27, 55, 62, 80, 47, 75, 58, 57
 4339, 15, 31, 52, 80, 87, 70, 81, 71, 68
 3526, 19, 85, 59, 34, 81, 77, 79, 65, 65
 4340, 14, 28, 58, 66, 86, 49, 83, 58, 60
 4341, 66, 29, 29, 16, 68, 29, 64, 42, 30
 4342, 18, 36, 55, 79, 87, 71, 79, 71, 76
 4343, 13, 30, 51, 63, 85, 49, 79, 59, 58
 4344, 72, 34, 30, 16, 71, 34, 69, 44, 31
 4345, 17, 68, 47, 33, 82, 65, 79, 52, 54
 4346, 17, 84, 60, 36, 83, 78, 76, 62, 66
 4347, 17, 81, 56, 37, 85, 74, 86, 60, 63
 4348, 17, 30, 60, 68, 84, 51, 78, 60, 62
 4349, 18, 79, 55, 35, 80, 70, 76, 59, 59
 4350, 88, 36, 35, 17, 75, 35, 69, 53, 36
 4351, 81, 34, 36, 18, 74, 34, 73, 48, 36
 4354, 18, 32, 53, 73, 89, 66, 87, 65, 66
 4356, 16, 82, 60, 34, 83, 75, 83, 62, 65
